   0.0000000e+00  -4.5776417e-05   0.0000000e+00  -6.4467256e-04   0.0000000e+00  -4.6844234e-03   0.0000000e+00  -2.2043115e-02   0.0000000e+00  -7.4026077e-02   0.0000000e+00  -1.8700661e-01   0.0000000e+00  -3.6675013e-01   0.0000000e+00  -5.6929306e-01   0.0000000e+00  -7.0741796e-01   0.0000000e+00   0.0000000e+00   0.0000000e+00   0.0000000e+00   0.0000000e+00   0.0000000e+00   0.0000000e+00   0.0000000e+00   0.0000000e+00   0.0000000e+00   0.0000000e+00   0.0000000e+00   0.0000000e+00   0.0000000e+00   0.0000000e+00   0.0000000e+00   0.0000000e+00   0.0000000e+00   0.0000000e+00
   4.5776417e-05  -0.0000000e+00   1.0213133e-03  -0.0000000e+00   8.6411777e-03  -0.0000000e+00   4.2591345e-02  -0.0000000e+00   1.3989614e-01  -0.0000000e+00   3.2436602e-01  -0.0000000e+00   5.3984157e-01  -0.0000000e+00   6.2677103e-01  -0.0000000e+00   4.3480475e-01  -0.0000000e+00   0.0000000e+00   0.0000000e+00   0.0000000e+00   0.0000000e+00   0.0000000e+00   0.0000000e+00   0.0000000e+00   0.0000000e+00   0.0000000e+00   0.0000000e+00   0.0000000e+00   0.0000000e+00   0.0000000e+00   0.0000000e+00   0.0000000e+00   0.0000000e+00   0.0000000e+00   0.0000000e+00   0.0000000e+00
   0.0000000e+00  -1.0213133e-03   0.0000000e+00  -1.1095648e-02   0.0000000e+00  -5.9722206e-02   0.0000000e+00  -1.9672100e-01   0.0000000e+00  -4.2469481e-01   0.0000000e+00  -5.9604172e-01   0.0000000e+00  -4.6757360e-01   0.0000000e+00   1.9178746e-16  -0.0000000e+00   4.5094730e-01   0.0000000e+00   0.0000000e+00   0.0000000e+00   0.0000000e+00   0.0000000e+00   0.0000000e+00   0.0000000e+00   0.0000000e+00   0.0000000e+00   0.0000000e+00   0.0000000e+00   0.0000000e+00   0.0000000e+00   0.0000000e+00   0.0000000e+00   0.0000000e+00   0.0000000e+00   0.0000000e+00   0.0000000e+00
   6.4467256e-04  -0.0000000e+00   1.1095648e-02  -0.0000000e+00   6.9335160e-02  -0.0000000e+00   2.3690275e-01  -0.0000000e+00   4.8674774e-01  -0.0000000e+00   5.7580775e-01  -0.0000000e+00   2.4277324e-01   0.0000000e+00  -3.1153662e-01   0.0000000e+00  -4.6311376e-01   0.0000000e+00   0.0000000e+00   0.0000000e+00   0.0000000e+00   0.0000000e+00   0.0000000e+00   0.0000000e+00   0.0000000e+00   0.0000000e+00   0.0000000e+00   0.0000000e+00   0.0000000e+00   0.0000000e+00   0.0000000e+00   0.0000000e+00   0.0000000e+00   0.0000000e+00   0.0000000e+00   0.0000000e+00   0.0000000e+00
   0.0000000e+00  -8.6411777e-03   0.0000000e+00  -6.9335160e-02   0.0000000e+00  -2.5737898e-01   0.0000000e+00  -5.1941799e-01   0.0000000e+00  -5.2430564e-01   0.0000000e+00  -4.2378303e-02  -0.0000000e+00   4.4879772e-01  -0.0000000e+00   2.4629132e-01   0.0000000e+00  -3.4685420e-01   0.0000000e+00   0.0000000e+00   0.0000000e+00   0.0000000e+00   0.0000000e+00   0.0000000e+00   0.0000000e+00   0.0000000e+00   0.0000000e+00   0.0000000e+00   0.0000000e+00   0.0000000e+00   0.0000000e+00   0.0000000e+00   0.0000000e+00   0.0000000e+00   0.0000000e+00   0.0000000e+00   0.0000000e+00
   4.6844234e-03  -0.0000000e+00   5.9722206e-02  -0.0000000e+00   2.5737898e-01  -0.0000000e+00   5.3274147e-01  -0.0000000e+00   4.7464687e-01  -0.0000000e+00  -1.0143095e-01   0.0000000e+00  -4.6423105e-01   0.0000000e+00  -1.3611556e-16  -0.0000000e+00   4.4188861e-01  -0.0000000e+00   0.0000000e+00   0.0000000e+00   0.0000000e+00   0.0000000e+00   0.0000000e+00   0.0000000e+00   0.0000000e+00   0.0000000e+00   0.0000000e+00   0.0000000e+00   0.0000000e+00   0.0000000e+00   0.0000000e+00   0.0000000e+00   0.0000000e+00   0.0000000e+00   0.0000000e+00   0.0000000e+00   0.0000000e+00
   0.0000000e+00  -4.2591345e-02   0.0000000e+00  -2.3690275e-01   0.0000000e+00  -5.3274147e-01   0.0000000e+00  -4.4577966e-01   0.0000000e+00   1.8840239e-01  -0.0000000e+00   4.2449329e-01  -0.0000000e+00  -1.8499996e-01   0.0000000e+00  -3.6548757e-01   0.0000000e+00   2.7574249e-01   0.0000000e+00   0.0000000e+00   0.0000000e+00   0.0000000e+00   0.0000000e+00   0.0000000e+00   0.0000000e+00   0.0000000e+00   0.0000000e+00   0.0000000e+00   0.0000000e+00   0.0000000e+00   0.0000000e+00   0.0000000e+00   0.0000000e+00   0.0000000e+00   0.0000000e+00   0.0000000e+00   0.0000000e+00
   2.2043115e-02  -0.0000000e+00   1.9672100e-01  -0.0000000e+00   5.1941799e-01  -0.0000000e+00   4.4577966e-01  -0.0000000e+00  -2.2823148e-01   0.0000000e+00  -3.7721741e-01   0.0000000e+00   2.9596381e-01  -0.0000000e+00   2.2908146e-01   0.0000000e+00  -3.9729703e-01   0.0000000e+00   0.0000000e+00   0.0000000e+00   0.0000000e+00   0.0000000e+00   0.0000000e+00   0.0000000e+00   0.0000000e+00   0.0000000e+00   0.0000000e+00   0.0000000e+00   0.0000000e+00   0.0000000e+00   0.0000000e+00   0.0000000e+00   0.0000000e+00   0.0000000e+00   0.0000000e+00   0.0000000e+00   0.0000000e+00
   0.0000000e+00  -1.3989614e-01   0.0000000e+00  -4.8674774e-01   0.0000000e+00  -4.7464687e-01   0.0000000e+00   2.2823148e-01  -0.0000000e+00   3.4832065e-01   0.0000000e+00  -3.5151235e-01   0.0000000e+00  -1.0267249e-01  -0.0000000e+00   4.0361156e-01  -0.0000000e+00  -2.1861910e-01   0.0000000e+00   0.0000000e+00   0.0000000e+00   0.0000000e+00   0.0000000e+00   0.0000000e+00   0.0000000e+00   0.0000000e+00   0.0000000e+00   0.0000000e+00   0.0000000e+00   0.0000000e+00   0.0000000e+00   0.0000000e+00   0.0000000e+00   0.0000000e+00   0.0000000e+00   0.0000000e+00   0.0000000e+00
   7.4026077e-02  -0.0000000e+00   4.2469481e-01  -0.0000000e+00   5.2430564e-01  -0.0000000e+00  -1.8840239e-01   0.0000000e+00  -3.4832065e-01  -0.0000000e+00   3.7308250e-01  -0.0000000e+00   1.4688437e-02   0.0000000e+00  -3.5812734e-01   0.0000000e+00   3.3878285e-01  -0.0000000e+00   0.0000000e+00   0.0000000e+00   0.0000000e+00   0.0000000e+00   0.0000000e+00   0.0000000e+00   0.0000000e+00   0.0000000e+00   0.0000000e+00   0.0000000e+00   0.0000000e+00   0.0000000e+00   0.0000000e+00   0.0000000e+00   0.0000000e+00   0.0000000e+00   0.0000000e+00   0.0000000e+00   0.0000000e+00
   0.0000000e+00  -3.2436602e-01   0.0000000e+00  -5.7580775e-01   0.0000000e+00   1.0143095e-01  -0.0000000e+00   3.7721741e-01   0.0000000e+00  -3.7308250e-01   0.0000000e+00   2.8901548e-02  -0.0000000e+00   3.0769468e-01   0.0000000e+00  -3.8392695e-01   0.0000000e+00   1.6896489e-01   0.0000000e+00   0.0000000e+00   0.0000000e+00   0.0000000e+00   0.0000000e+00   0.0000000e+00   0.0000000e+00   0.0000000e+00   0.0000000e+00   0.0000000e+00   0.0000000e+00   0.0000000e+00   0.0000000e+00   0.0000000e+00   0.0000000e+00   0.0000000e+00   0.0000000e+00   0.0000000e+00   0.0000000e+00
   1.8700661e-01  -0.0000000e+00   5.9604172e-01  -0.0000000e+00   4.2378303e-02   0.0000000e+00  -4.2449329e-01   0.0000000e+00   3.5151235e-01  -0.0000000e+00  -2.8901548e-02   0.0000000e+00  -2.7750448e-01  -0.0000000e+00   3.9092434e-01  -0.0000000e+00  -2.7119275e-01   0.0000000e+00   0.0000000e+00   0.0000000e+00   0.0000000e+00   0.0000000e+00   0.0000000e+00   0.0000000e+00   0.0000000e+00   0.0000000e+00   0.0000000e+00   0.0000000e+00   0.0000000e+00   0.0000000e+00   0.0000000e+00   0.0000000e+00   0.0000000e+00   0.0000000e+00   0.0000000e+00   0.0000000e+00   0.0000000e+00
   0.0000000e+00  -5.3984157e-01   0.0000000e+00  -2.4277324e-01  -0.0000000e+00   4.6423105e-01  -0.0000000e+00  -2.9596381e-01   0.0000000e+00  -1.4688437e-02  -0.0000000e+00   2.7750448e-01   0.0000000e+00  -3.8757544e-01   0.0000000e+00   3.2214671e-01  -0.0000000e+00  -1.2373146e-01   0.0000000e+00   0.0000000e+00   0.0000000e+00   0.0000000e+00   0.0000000e+00   0.0000000e+00   0.0000000e+00   0.0000000e+00   0.0000000e+00   0.0000000e+00   0.0000000e+00   0.0000000e+00   0.0000000e+00   0.0000000e+00   0.0000000e+00   0.0000000e+00   0.0000000e+00   0.0000000e+00   0.0000000e+00
   3.6675013e-01  -0.0000000e+00   4.6757360e-01   0.0000000e+00  -4.4879772e-01   0.0000000e+00   1.8499996e-01  -0.0000000e+00   1.0267249e-01   0.0000000e+00  -3.0769468e-01  -0.0000000e+00   3.8757544e-01  -0.0000000e+00  -3.4171386e-01   0.0000000e+00   1.9754531e-01  -0.0000000e+00   0.0000000e+00   0.0000000e+00   0.0000000e+00   0.0000000e+00   0.0000000e+00   0.0000000e+00   0.0000000e+00   0.0000000e+00   0.0000000e+00   0.0000000e+00   0.0000000e+00   0.0000000e+00   0.0000000e+00   0.0000000e+00   0.0000000e+00   0.0000000e+00   0.0000000e+00   0.0000000e+00   0.0000000e+00
   0.0000000e+00  -6.2677103e-01   0.0000000e+00   3.1153662e-01  -0.0000000e+00   1.3611556e-16   0.0000000e+00  -2.2908146e-01  -0.0000000e+00   3.5812734e-01   0.0000000e+00  -3.9092434e-01   0.0000000e+00   3.4171386e-01  -0.0000000e+00  -2.3062180e-01   0.0000000e+00   8.1196672e-02   0.0000000e+00   0.0000000e+00   0.0000000e+00   0.0000000e+00   0.0000000e+00   0.0000000e+00   0.0000000e+00   0.0000000e+00   0.0000000e+00   0.0000000e+00   0.0000000e+00   0.0000000e+00   0.0000000e+00   0.0000000e+00   0.0000000e+00   0.0000000e+00   0.0000000e+00   0.0000000e+00   0.0000000e+00
   5.6929306e-01  -0.0000000e+00  -1.9178746e-16   0.0000000e+00  -2.4629132e-01  -0.0000000e+00   3.6548757e-01   0.0000000e+00  -4.0361156e-01   0.0000000e+00   3.8392695e-01  -0.0000000e+00  -3.2214671e-01   0.0000000e+00   2.3062180e-01  -0.0000000e+00  -1.1999054e-01   0.0000000e+00   0.0000000e+00   0.0000000e+00   0.0000000e+00   0.0000000e+00   0.0000000e+00   0.0000000e+00   0.0000000e+00   0.0000000e+00   0.0000000e+00   0.0000000e+00   0.0000000e+00   0.0000000e+00   0.0000000e+00   0.0000000e+00   0.0000000e+00   0.0000000e+00   0.0000000e+00   0.0000000e+00   0.0000000e+00
   0.0000000e+00  -4.3480475e-01  -0.0000000e+00   4.6311376e-01   0.0000000e+00  -4.4188861e-01   0.0000000e+00   3.9729703e-01  -0.0000000e+00  -3.3878285e-01   0.0000000e+00   2.7119275e-01  -0.0000000e+00  -1.9754531e-01   0.0000000e+00   1.1999054e-01  -0.0000000e+00  -4.0234218e-02   0.0000000e+00   0.0000000e+00   0.0000000e+00   0.0000000e+00   0.0000000e+00   0.0000000e+00   0.0000000e+00   0.0000000e+00   0.0000000e+00   0.0000000e+00   0.0000000e+00   0.0000000e+00   0.0000000e+00   0.0000000e+00   0.0000000e+00   0.0000000e+00   0.0000000e+00   0.0000000e+00   0.0000000e+00
   7.0741796e-01  -0.0000000e+00  -4.5094730e-01   0.0000000e+00   3.4685420e-01  -0.0000000e+00  -2.7574249e-01   0.0000000e+00   2.1861910e-01  -0.0000000e+00  -1.6896489e-01   0.0000000e+00   1.2373146e-01  -0.0000000e+00  -8.1196672e-02   0.0000000e+00   4.0234218e-02  -0.0000000e+00   0.0000000e+00   0.0000000e+00   0.0000000e+00   0.0000000e+00   0.0000000e+00   0.0000000e+00   0.0000000e+00   0.0000000e+00   0.0000000e+00   0.0000000e+00   0.0000000e+00   0.0000000e+00   0.0000000e+00   0.0000000e+00   0.0000000e+00   0.0000000e+00   0.0000000e+00   0.0000000e+00   0.0000000e+00
   0.0000000e+00   0.0000000e+00   0.0000000e+00   0.0000000e+00   0.0000000e+00   0.0000000e+00   0.0000000e+00   0.0000000e+00   0.0000000e+00   0.0000000e+00   0.0000000e+00   0.0000000e+00   0.0000000e+00   0.0000000e+00   0.0000000e+00   0.0000000e+00   0.0000000e+00   0.0000000e+00  -1.8547058e-01   0.0000000e+00   2.6306534e-01   0.0000000e+00  -2.6544607e-01   0.0000000e+00   2.6966646e-01   0.0000000e+00  -2.7618783e-01   0.0000000e+00   2.8588157e-01   0.0000000e+00  -3.0048341e-01   0.0000000e+00   3.2397909e-01   0.0000000e+00  -3.6855632e-01   0.0000000e+00   5.1392723e-01
   0.0000000e+00   0.0000000e+00   0.0000000e+00   0.0000000e+00   0.0000000e+00   0.0000000e+00   0.0000000e+00   0.0000000e+00   0.0000000e+00   0.0000000e+00   0.0000000e+00   0.0000000e+00   0.0000000e+00   0.0000000e+00   0.0000000e+00   0.0000000e+00   0.0000000e+00   0.0000000e+00  -0.0000000e+00  -3.7094116e-01   0.0000000e+00   3.6875270e-01  -0.0000000e+00  -3.6425555e-01   0.0000000e+00   3.5718195e-01  -0.0000000e+00  -3.4704706e-01   0.0000000e+00   3.3299069e-01  -0.0000000e+00  -3.1338551e-01   0.0000000e+00   2.8464653e-01  -0.0000000e+00  -2.3580599e-01   0.0000000e+00
   0.0000000e+00   0.0000000e+00   0.0000000e+00   0.0000000e+00   0.0000000e+00   0.0000000e+00   0.0000000e+00   0.0000000e+00   0.0000000e+00   0.0000000e+00   0.0000000e+00   0.0000000e+00   0.0000000e+00   0.0000000e+00   0.0000000e+00   0.0000000e+00   0.0000000e+00   0.0000000e+00   2.6306534e-01  -0.0000000e+00  -3.6439514e-01   0.0000000e+00   3.4127186e-01  -0.0000000e+00  -3.0196262e-01   0.0000000e+00   2.4512116e-01  -0.0000000e+00  -1.6835925e-01   0.0000000e+00   6.7294062e-02  -0.0000000e+00   6.7181465e-02   0.0000000e+00  -2.5984554e-01  -0.0000000e+00   6.5220713e-01
   0.0000000e+00   0.0000000e+00   0.0000000e+00   0.0000000e+00   0.0000000e+00   0.0000000e+00   0.0000000e+00   0.0000000e+00   0.0000000e+00   0.0000000e+00   0.0000000e+00   0.0000000e+00   0.0000000e+00   0.0000000e+00   0.0000000e+00   0.0000000e+00   0.0000000e+00   0.0000000e+00  -0.0000000e+00   3.6875270e-01  -0.0000000e+00  -3.3166504e-01   0.0000000e+00   2.5864752e-01  -0.0000000e+00  -1.5217486e-01   0.0000000e+00   1.6428551e-02  -0.0000000e+00   1.4186834e-01   0.0000000e+00  -3.1153662e-01  -0.0000000e+00   4.7161197e-01  -0.0000000e+00  -5.6929306e-01   0.0000000e+00
   0.0000000e+00   0.0000000e+00   0.0000000e+00   0.0000000e+00   0.0000000e+00   0.0000000e+00   0.0000000e+00   0.0000000e+00   0.0000000e+00   0.0000000e+00   0.0000000e+00   0.0000000e+00   0.0000000e+00   0.0000000e+00   0.0000000e+00   0.0000000e+00   0.0000000e+00   0.0000000e+00  -2.6544607e-01   0.0000000e+00   3.4127186e-01  -0.0000000e+00  -2.4279785e-01   0.0000000e+00   9.1892254e-02  -0.0000000e+00   9.0812232e-02   0.0000000e+00  -2.7447880e-01  -0.0000000e+00   4.1496321e-01   0.0000000e+00  -4.4741040e-01   0.0000000e+00   2.6219713e-01  -0.0000000e+00   4.7007827e-01
   0.0000000e+00   0.0000000e+00   0.0000000e+00   0.0000000e+00   0.0000000e+00   0.0000000e+00   0.0000000e+00   0.0000000e+00   0.0000000e+00   0.0000000e+00   0.0000000e+00   0.0000000e+00   0.0000000e+00   0.0000000e+00   0.0000000e+00   0.0000000e+00   0.0000000e+00   0.0000000e+00  -0.0000000e+00  -3.6425555e-01   0.0000000e+00   2.5864752e-01  -0.0000000e+00  -7.1411133e-02   0.0000000e+00  -1.5094143e-01  -0.0000000e+00   3.4260643e-01   0.0000000e+00  -4.2447650e-01   0.0000000e+00   3.1538289e-01  -0.0000000e+00   4.3403142e-02   0.0000000e+00  -6.1125022e-01   0.0000000e+00
   0.0000000e+00   0.0000000e+00   0.0000000e+00   0.0000000e+00   0.0000000e+00   0.0000000e+00   0.0000000e+00   0.0000000e+00   0.0000000e+00   0.0000000e+00   0.0000000e+00   0.0000000e+00   0.0000000e+00   0.0000000e+00   0.0000000e+00   0.0000000e+00   0.0000000e+00   0.0000000e+00   2.6966646e-01  -0.0000000e+00  -3.0196262e-01   0.0000000e+00   9.1892254e-02  -0.0000000e+00   1.6995239e-01   0.0000000e+00  -3.7097258e-01  -0.0000000e+00   3.9509651e-01  -0.0000000e+00  -1.7019536e-01   0.0000000e+00  -2.5690481e-01  -0.0000000e+00   5.8071068e-01  -0.0000000e+00   2.6992079e-01
   0.0000000e+00   0.0000000e+00   0.0000000e+00   0.0000000e+00   0.0000000e+00   0.0000000e+00   0.0000000e+00   0.0000000e+00   0.0000000e+00   0.0000000e+00   0.0000000e+00   0.0000000e+00   0.0000000e+00   0.0000000e+00   0.0000000e+00   0.0000000e+00   0.0000000e+00   0.0000000e+00  -0.0000000e+00   3.5718195e-01  -0.0000000e+00  -1.5217486e-01   0.0000000e+00  -1.5094143e-01  -0.0000000e+00   3.7823486e-01  -0.0000000e+00  -3.6465605e-01   0.0000000e+00   5.6958262e-02  -0.0000000e+00   3.7523349e-01   0.0000000e+00  -4.6475828e-01   0.0000000e+00  -4.3634875e-01   0.0000000e+00
   0.0000000e+00   0.0000000e+00   0.0000000e+00   0.0000000e+00   0.0000000e+00   0.0000000e+00   0.0000000e+00   0.0000000e+00   0.0000000e+00   0.0000000e+00   0.0000000e+00   0.0000000e+00   0.0000000e+00   0.0000000e+00   0.0000000e+00   0.0000000e+00   0.0000000e+00   0.0000000e+00  -2.7618783e-01   0.0000000e+00   2.4512116e-01  -0.0000000e+00   9.0812232e-02   0.0000000e+00  -3.7097258e-01   0.0000000e+00   3.5260010e-01  -0.0000000e+00   1.1056043e-02   0.0000000e+00  -4.2810834e-01   0.0000000e+00   3.3328225e-01  -0.0000000e+00   5.3307588e-01  -0.0000000e+00   1.2163726e-01
   0.0000000e+00   0.0000000e+00   0.0000000e+00   0.0000000e+00   0.0000000e+00   0.0000000e+00   0.0000000e+00   0.0000000e+00   0.0000000e+00   0.0000000e+00   0.0000000e+00   0.0000000e+00   0.0000000e+00   0.0000000e+00   0.0000000e+00   0.0000000e+00   0.0000000e+00   0.0000000e+00  -0.0000000e+00  -3.4704706e-01   0.0000000e+00   1.6428551e-02  -0.0000000e+00   3.4260643e-01   0.0000000e+00  -3.6465605e-01   0.0000000e+00  -3.3386230e-02  -0.0000000e+00   4.4642623e-01  -0.0000000e+00  -2.2569634e-01   0.0000000e+00  -5.7294559e-01   0.0000000e+00  -2.2207823e-01   0.0000000e+00
   0.0000000e+00   0.0000000e+00   0.0000000e+00   0.0000000e+00   0.0000000e+00   0.0000000e+00   0.0000000e+00   0.0000000e+00   0.0000000e+00   0.0000000e+00   0.0000000e+00   0.0000000e+00   0.0000000e+00   0.0000000e+00   0.0000000e+00   0.0000000e+00   0.0000000e+00   0.0000000e+00   2.8588157e-01  -0.0000000e+00  -1.6835925e-01   0.0000000e+00  -2.7447880e-01  -0.0000000e+00   3.9509651e-01  -0.0000000e+00   1.1056043e-02   0.0000000e+00  -4.5028687e-01   0.0000000e+00   1.5829659e-01  -0.0000000e+00   5.7980833e-01  -0.0000000e+00   3.0431831e-01  -0.0000000e+00   4.1968841e-02
   0.0000000e+00   0.0000000e+00   0.0000000e+00   0.0000000e+00   0.0000000e+00   0.0000000e+00   0.0000000e+00   0.0000000e+00   0.0000000e+00   0.0000000e+00   0.0000000e+00   0.0000000e+00   0.0000000e+00   0.0000000e+00   0.0000000e+00   0.0000000e+00   0.0000000e+00   0.0000000e+00  -0.0000000e+00   3.3299069e-01  -0.0000000e+00   1.4186834e-01   0.0000000e+00  -4.2447650e-01   0.0000000e+00   5.6958262e-02  -0.0000000e+00   4.4642623e-01  -0.0000000e+00  -1.3562012e-01   0.0000000e+00  -5.7499089e-01   0.0000000e+00  -3.6156559e-01   0.0000000e+00  -8.0824756e-02   0.0000000e+00
   0.0000000e+00   0.0000000e+00   0.0000000e+00   0.0000000e+00   0.0000000e+00   0.0000000e+00   0.0000000e+00   0.0000000e+00   0.0000000e+00   0.0000000e+00   0.0000000e+00   0.0000000e+00   0.0000000e+00   0.0000000e+00   0.0000000e+00   0.0000000e+00   0.0000000e+00   0.0000000e+00  -3.0048341e-01   0.0000000e+00   6.7294062e-02  -0.0000000e+00   4.1496321e-01  -0.0000000e+00  -1.7019536e-01   0.0000000e+00  -4.2810834e-01   0.0000000e+00   1.5829659e-01  -0.0000000e+00   5.7189941e-01  -0.0000000e+00   3.9418797e-01  -0.0000000e+00   1.1453939e-01  -0.0000000e+00   1.0647836e-02
   0.0000000e+00   0.0000000e+00   0.0000000e+00   0.0000000e+00   0.0000000e+00   0.0000000e+00   0.0000000e+00   0.0000000e+00   0.0000000e+00   0.0000000e+00   0.0000000e+00   0.0000000e+00   0.0000000e+00   0.0000000e+00   0.0000000e+00   0.0000000e+00   0.0000000e+00   0.0000000e+00  -0.0000000e+00  -3.1338551e-01   0.0000000e+00  -3.1153662e-01  -0.0000000e+00   3.1538289e-01  -0.0000000e+00   3.7523349e-01  -0.0000000e+00  -2.2569634e-01   0.0000000e+00  -5.7499089e-01   0.0000000e+00  -4.0466309e-01   0.0000000e+00  -1.3693170e-01   0.0000000e+00  -2.0299168e-02   0.0000000e+00
   0.0000000e+00   0.0000000e+00   0.0000000e+00   0.0000000e+00   0.0000000e+00   0.0000000e+00   0.0000000e+00   0.0000000e+00   0.0000000e+00   0.0000000e+00   0.0000000e+00   0.0000000e+00   0.0000000e+00   0.0000000e+00   0.0000000e+00   0.0000000e+00   0.0000000e+00   0.0000000e+00   3.2397909e-01  -0.0000000e+00   6.7181465e-02   0.0000000e+00  -4.4741040e-01   0.0000000e+00  -2.5690481e-01  -0.0000000e+00   3.3328225e-01  -0.0000000e+00   5.7980833e-01  -0.0000000e+00   3.9418797e-01  -0.0000000e+00   1.4472198e-01  -0.0000000e+00   2.7591003e-02  -0.0000000e+00   1.8516809e-03
   0.0000000e+00   0.0000000e+00   0.0000000e+00   0.0000000e+00   0.0000000e+00   0.0000000e+00   0.0000000e+00   0.0000000e+00   0.0000000e+00   0.0000000e+00   0.0000000e+00   0.0000000e+00   0.0000000e+00   0.0000000e+00   0.0000000e+00   0.0000000e+00   0.0000000e+00   0.0000000e+00  -0.0000000e+00   2.8464653e-01  -0.0000000e+00   4.7161197e-01  -0.0000000e+00   4.3403142e-02   0.0000000e+00  -4.6475828e-01   0.0000000e+00  -5.7294559e-01   0.0000000e+00  -3.6156559e-01   0.0000000e+00  -1.3693170e-01   0.0000000e+00  -3.0288696e-02   0.0000000e+00  -3.2233627e-03   0.0000000e+00
   0.0000000e+00   0.0000000e+00   0.0000000e+00   0.0000000e+00   0.0000000e+00   0.0000000e+00   0.0000000e+00   0.0000000e+00   0.0000000e+00   0.0000000e+00   0.0000000e+00   0.0000000e+00   0.0000000e+00   0.0000000e+00   0.0000000e+00   0.0000000e+00   0.0000000e+00   0.0000000e+00  -3.6855632e-01   0.0000000e+00  -2.5984554e-01   0.0000000e+00   2.6219713e-01  -0.0000000e+00   5.8071068e-01  -0.0000000e+00   5.3307588e-01  -0.0000000e+00   3.0431831e-01  -0.0000000e+00   1.1453939e-01  -0.0000000e+00   2.7591003e-02  -0.0000000e+00   3.7689211e-03  -0.0000000e+00   1.9149638e-04
   0.0000000e+00   0.0000000e+00   0.0000000e+00   0.0000000e+00   0.0000000e+00   0.0000000e+00   0.0000000e+00   0.0000000e+00   0.0000000e+00   0.0000000e+00   0.0000000e+00   0.0000000e+00   0.0000000e+00   0.0000000e+00   0.0000000e+00   0.0000000e+00   0.0000000e+00   0.0000000e+00  -0.0000000e+00  -2.3580599e-01   0.0000000e+00  -5.6929306e-01   0.0000000e+00  -6.1125022e-01   0.0000000e+00  -4.3634875e-01   0.0000000e+00  -2.2207823e-01   0.0000000e+00  -8.0824756e-02   0.0000000e+00  -2.0299168e-02   0.0000000e+00  -3.2233627e-03   0.0000000e+00  -2.5939958e-04   0.0000000e+00
   0.0000000e+00   0.0000000e+00   0.0000000e+00   0.0000000e+00   0.0000000e+00   0.0000000e+00   0.0000000e+00   0.0000000e+00   0.0000000e+00   0.0000000e+00   0.0000000e+00   0.0000000e+00   0.0000000e+00   0.0000000e+00   0.0000000e+00   0.0000000e+00   0.0000000e+00   0.0000000e+00   5.1392723e-01  -0.0000000e+00   6.5220713e-01  -0.0000000e+00   4.7007827e-01  -0.0000000e+00   2.6992079e-01  -0.0000000e+00   1.2163726e-01  -0.0000000e+00   4.1968841e-02  -0.0000000e+00   1.0647836e-02  -0.0000000e+00   1.8516809e-03  -0.0000000e+00   1.9149638e-04  -0.0000000e+00   7.6298416e-06
