   0.0000000e+00  -6.4593538e-04   0.0000000e+00  -6.9868594e-03   0.0000000e+00  -3.8268605e-02   0.0000000e+00  -1.3282910e-01   0.0000000e+00  -3.2081277e-01   0.0000000e+00  -5.6567678e-01   0.0000000e+00  -7.4694823e-01   0.0000000e+00   0.0000000e+00   0.0000000e+00   0.0000000e+00   0.0000000e+00   0.0000000e+00   0.0000000e+00   0.0000000e+00   0.0000000e+00   0.0000000e+00   0.0000000e+00   0.0000000e+00   0.0000000e+00   0.0000000e+00   0.0000000e+00
   6.4593538e-04  -0.0000000e+00   1.0764359e-02  -0.0000000e+00   6.6019616e-02  -0.0000000e+00   2.2655408e-01  -0.0000000e+00   4.8804529e-01  -0.0000000e+00   6.6855850e-01  -0.0000000e+00   5.0895943e-01  -0.0000000e+00   0.0000000e+00   0.0000000e+00   0.0000000e+00   0.0000000e+00   0.0000000e+00   0.0000000e+00   0.0000000e+00   0.0000000e+00   0.0000000e+00   0.0000000e+00   0.0000000e+00   0.0000000e+00   0.0000000e+00   0.0000000e+00   0.0000000e+00
   0.0000000e+00  -1.0764359e-02   0.0000000e+00  -8.1935281e-02   0.0000000e+00  -2.9131205e-01   0.0000000e+00  -5.7388732e-01   0.0000000e+00  -5.9402981e-01   0.0000000e+00  -1.1638110e-01  -0.0000000e+00   4.6102646e-01   0.0000000e+00   0.0000000e+00   0.0000000e+00   0.0000000e+00   0.0000000e+00   0.0000000e+00   0.0000000e+00   0.0000000e+00   0.0000000e+00   0.0000000e+00   0.0000000e+00   0.0000000e+00   0.0000000e+00   0.0000000e+00   0.0000000e+00
   6.9868594e-03  -0.0000000e+00   8.1935281e-02  -0.0000000e+00   3.2348633e-01  -0.0000000e+00   6.0740303e-01  -0.0000000e+00   4.6623797e-01  -0.0000000e+00  -1.8542476e-01   0.0000000e+00  -5.1758647e-01   0.0000000e+00   0.0000000e+00   0.0000000e+00   0.0000000e+00   0.0000000e+00   0.0000000e+00   0.0000000e+00   0.0000000e+00   0.0000000e+00   0.0000000e+00   0.0000000e+00   0.0000000e+00   0.0000000e+00   0.0000000e+00   0.0000000e+00   0.0000000e+00
   0.0000000e+00  -6.6019616e-02   0.0000000e+00  -3.2348633e-01   0.0000000e+00  -6.1645532e-01   0.0000000e+00  -3.5738969e-01  -0.0000000e+00   3.5648135e-01  -0.0000000e+00   3.7556058e-01  -0.0000000e+00  -3.3930629e-01   0.0000000e+00   0.0000000e+00   0.0000000e+00   0.0000000e+00   0.0000000e+00   0.0000000e+00   0.0000000e+00   0.0000000e+00   0.0000000e+00   0.0000000e+00   0.0000000e+00   0.0000000e+00   0.0000000e+00   0.0000000e+00   0.0000000e+00
   3.8268605e-02  -0.0000000e+00   2.9131205e-01  -0.0000000e+00   6.1645532e-01  -0.0000000e+00   2.9827231e-01   0.0000000e+00  -4.3385280e-01   0.0000000e+00  -2.0312265e-01  -0.0000000e+00   4.6389892e-01  -0.0000000e+00   0.0000000e+00   0.0000000e+00   0.0000000e+00   0.0000000e+00   0.0000000e+00   0.0000000e+00   0.0000000e+00   0.0000000e+00   0.0000000e+00   0.0000000e+00   0.0000000e+00   0.0000000e+00   0.0000000e+00   0.0000000e+00   0.0000000e+00
   0.0000000e+00  -2.2655408e-01   0.0000000e+00  -6.0740303e-01   0.0000000e+00  -2.9827231e-01  -0.0000000e+00   4.6051523e-01  -0.0000000e+00   7.5265035e-02   0.0000000e+00  -4.5711888e-01   0.0000000e+00   2.5312379e-01   0.0000000e+00   0.0000000e+00   0.0000000e+00   0.0000000e+00   0.0000000e+00   0.0000000e+00   0.0000000e+00   0.0000000e+00   0.0000000e+00   0.0000000e+00   0.0000000e+00   0.0000000e+00   0.0000000e+00   0.0000000e+00   0.0000000e+00
   1.3282910e-01  -0.0000000e+00   5.7388732e-01  -0.0000000e+00   3.5738969e-01   0.0000000e+00  -4.6051523e-01   0.0000000e+00  -1.1075485e-02  -0.0000000e+00   4.0964323e-01  -0.0000000e+00  -3.8115333e-01   0.0000000e+00   0.0000000e+00   0.0000000e+00   0.0000000e+00   0.0000000e+00   0.0000000e+00   0.0000000e+00   0.0000000e+00   0.0000000e+00   0.0000000e+00   0.0000000e+00   0.0000000e+00   0.0000000e+00   0.0000000e+00   0.0000000e+00   0.0000000e+00
   0.0000000e+00  -4.8804529e-01   0.0000000e+00  -4.6623797e-01  -0.0000000e+00   4.3385280e-01  -0.0000000e+00   1.1075485e-02   0.0000000e+00  -3.7504363e-01  -0.0000000e+00   4.2706951e-01  -0.0000000e+00  -1.8176069e-01   0.0000000e+00   0.0000000e+00   0.0000000e+00   0.0000000e+00   0.0000000e+00   0.0000000e+00   0.0000000e+00   0.0000000e+00   0.0000000e+00   0.0000000e+00   0.0000000e+00   0.0000000e+00   0.0000000e+00   0.0000000e+00   0.0000000e+00
   3.2081277e-01  -0.0000000e+00   5.9402981e-01  -0.0000000e+00  -3.5648135e-01   0.0000000e+00  -7.5265035e-02  -0.0000000e+00   3.7504363e-01   0.0000000e+00  -4.3748202e-01   0.0000000e+00   2.8180798e-01  -0.0000000e+00   0.0000000e+00   0.0000000e+00   0.0000000e+00   0.0000000e+00   0.0000000e+00   0.0000000e+00   0.0000000e+00   0.0000000e+00   0.0000000e+00   0.0000000e+00   0.0000000e+00   0.0000000e+00   0.0000000e+00   0.0000000e+00   0.0000000e+00
   0.0000000e+00  -6.6855850e-01   0.0000000e+00   1.8542476e-01  -0.0000000e+00   2.0312265e-01   0.0000000e+00  -4.0964323e-01  -0.0000000e+00   4.3748202e-01  -0.0000000e+00  -3.2292413e-01   0.0000000e+00   1.1794191e-01   0.0000000e+00   0.0000000e+00   0.0000000e+00   0.0000000e+00   0.0000000e+00   0.0000000e+00   0.0000000e+00   0.0000000e+00   0.0000000e+00   0.0000000e+00   0.0000000e+00   0.0000000e+00   0.0000000e+00   0.0000000e+00   0.0000000e+00
   5.6567678e-01  -0.0000000e+00   1.1638110e-01   0.0000000e+00  -3.7556058e-01  -0.0000000e+00   4.5711888e-01  -0.0000000e+00  -4.2706951e-01   0.0000000e+00   3.2292413e-01  -0.0000000e+00  -1.7260777e-01   0.0000000e+00   0.0000000e+00   0.0000000e+00   0.0000000e+00   0.0000000e+00   0.0000000e+00   0.0000000e+00   0.0000000e+00   0.0000000e+00   0.0000000e+00   0.0000000e+00   0.0000000e+00   0.0000000e+00   0.0000000e+00   0.0000000e+00   0.0000000e+00
   0.0000000e+00  -5.0895943e-01  -0.0000000e+00   5.1758647e-01  -0.0000000e+00  -4.6389892e-01   0.0000000e+00   3.8115333e-01  -0.0000000e+00  -2.8180798e-01   0.0000000e+00   1.7260777e-01  -0.0000000e+00  -5.8097262e-02   0.0000000e+00   0.0000000e+00   0.0000000e+00   0.0000000e+00   0.0000000e+00   0.0000000e+00   0.0000000e+00   0.0000000e+00   0.0000000e+00   0.0000000e+00   0.0000000e+00   0.0000000e+00   0.0000000e+00   0.0000000e+00   0.0000000e+00
   7.4694823e-01  -0.0000000e+00  -4.6102646e-01   0.0000000e+00   3.3930629e-01  -0.0000000e+00  -2.5312379e-01   0.0000000e+00   1.8176069e-01  -0.0000000e+00  -1.1794191e-01   0.0000000e+00   5.8097262e-02  -0.0000000e+00   0.0000000e+00   0.0000000e+00   0.0000000e+00   0.0000000e+00   0.0000000e+00   0.0000000e+00   0.0000000e+00   0.0000000e+00   0.0000000e+00   0.0000000e+00   0.0000000e+00   0.0000000e+00   0.0000000e+00   0.0000000e+00   0.0000000e+00
   0.0000000e+00   0.0000000e+00   0.0000000e+00   0.0000000e+00   0.0000000e+00   0.0000000e+00   0.0000000e+00   0.0000000e+00   0.0000000e+00   0.0000000e+00   0.0000000e+00   0.0000000e+00   0.0000000e+00   0.0000000e+00  -2.0947266e-01   0.0000000e+00   2.9765989e-01   0.0000000e+00  -3.0213623e-01   0.0000000e+00   3.1041547e-01   0.0000000e+00  -3.2421838e-01   0.0000000e+00   3.4768548e-01   0.0000000e+00  -3.9367628e-01   0.0000000e+00   5.4671013e-01
   0.0000000e+00   0.0000000e+00   0.0000000e+00   0.0000000e+00   0.0000000e+00   0.0000000e+00   0.0000000e+00   0.0000000e+00   0.0000000e+00   0.0000000e+00   0.0000000e+00   0.0000000e+00   0.0000000e+00   0.0000000e+00  -0.0000000e+00  -4.1894531e-01   0.0000000e+00   4.1489744e-01  -0.0000000e+00  -4.0642925e-01   0.0000000e+00   3.9264796e-01  -0.0000000e+00  -3.7169141e-01   0.0000000e+00   3.3930629e-01  -0.0000000e+00  -2.8231989e-01   0.0000000e+00
   0.0000000e+00   0.0000000e+00   0.0000000e+00   0.0000000e+00   0.0000000e+00   0.0000000e+00   0.0000000e+00   0.0000000e+00   0.0000000e+00   0.0000000e+00   0.0000000e+00   0.0000000e+00   0.0000000e+00   0.0000000e+00   2.9765989e-01  -0.0000000e+00  -4.0686035e-01   0.0000000e+00   3.6391210e-01  -0.0000000e+00  -2.8986523e-01   0.0000000e+00   1.7989752e-01  -0.0000000e+00  -2.3526658e-02   0.0000000e+00  -2.0778182e-01  -0.0000000e+00   6.7329004e-01
   0.0000000e+00   0.0000000e+00   0.0000000e+00   0.0000000e+00   0.0000000e+00   0.0000000e+00   0.0000000e+00   0.0000000e+00   0.0000000e+00   0.0000000e+00   0.0000000e+00   0.0000000e+00   0.0000000e+00   0.0000000e+00  -0.0000000e+00   4.1489744e-01  -0.0000000e+00  -3.4643555e-01   0.0000000e+00   2.1308946e-01  -0.0000000e+00  -2.2873775e-02   0.0000000e+00  -2.0931183e-01  -0.0000000e+00   4.5462597e-01   0.0000000e+00  -6.4141718e-01   0.0000000e+00
   0.0000000e+00   0.0000000e+00   0.0000000e+00   0.0000000e+00   0.0000000e+00   0.0000000e+00   0.0000000e+00   0.0000000e+00   0.0000000e+00   0.0000000e+00   0.0000000e+00   0.0000000e+00   0.0000000e+00   0.0000000e+00  -3.0213623e-01   0.0000000e+00   3.6391210e-01  -0.0000000e+00  -1.8579102e-01   0.0000000e+00  -6.9981751e-02  -0.0000000e+00   3.3717349e-01   0.0000000e+00  -5.0991810e-01   0.0000000e+00   4.0940679e-01  -0.0000000e+00   4.4220988e-01
   0.0000000e+00   0.0000000e+00   0.0000000e+00   0.0000000e+00   0.0000000e+00   0.0000000e+00   0.0000000e+00   0.0000000e+00   0.0000000e+00   0.0000000e+00   0.0000000e+00   0.0000000e+00   0.0000000e+00   0.0000000e+00  -0.0000000e+00  -4.0642925e-01   0.0000000e+00   2.1308946e-01  -0.0000000e+00   9.9853516e-02   0.0000000e+00  -3.9271065e-01  -0.0000000e+00   4.7892215e-01  -0.0000000e+00  -1.6815158e-01   0.0000000e+00  -6.0627914e-01   0.0000000e+00
   0.0000000e+00   0.0000000e+00   0.0000000e+00   0.0000000e+00   0.0000000e+00   0.0000000e+00   0.0000000e+00   0.0000000e+00   0.0000000e+00   0.0000000e+00   0.0000000e+00   0.0000000e+00   0.0000000e+00   0.0000000e+00   3.1041547e-01  -0.0000000e+00  -2.8986523e-01   0.0000000e+00  -6.9981751e-02  -0.0000000e+00   4.0734863e-01   0.0000000e+00  -4.3617163e-01   0.0000000e+00  -7.5199672e-03  -0.0000000e+00   6.4200734e-01  -0.0000000e+00   2.1520775e-01
   0.0000000e+00   0.0000000e+00   0.0000000e+00   0.0000000e+00   0.0000000e+00   0.0000000e+00   0.0000000e+00   0.0000000e+00   0.0000000e+00   0.0000000e+00   0.0000000e+00   0.0000000e+00   0.0000000e+00   0.0000000e+00  -0.0000000e+00   3.9264796e-01  -0.0000000e+00  -2.2873775e-02   0.0000000e+00  -3.9271065e-01  -0.0000000e+00   4.1845703e-01  -0.0000000e+00   1.0677294e-01   0.0000000e+00  -6.1730946e-01   0.0000000e+00  -3.5143278e-01   0.0000000e+00
   0.0000000e+00   0.0000000e+00   0.0000000e+00   0.0000000e+00   0.0000000e+00   0.0000000e+00   0.0000000e+00   0.0000000e+00   0.0000000e+00   0.0000000e+00   0.0000000e+00   0.0000000e+00   0.0000000e+00   0.0000000e+00  -3.2421838e-01   0.0000000e+00   1.7989752e-01  -0.0000000e+00   3.3717349e-01   0.0000000e+00  -4.3617163e-01   0.0000000e+00  -1.3818359e-01  -0.0000000e+00   5.8383999e-01  -0.0000000e+00   4.3932900e-01  -0.0000000e+00   7.4925720e-02
   0.0000000e+00   0.0000000e+00   0.0000000e+00   0.0000000e+00   0.0000000e+00   0.0000000e+00   0.0000000e+00   0.0000000e+00   0.0000000e+00   0.0000000e+00   0.0000000e+00   0.0000000e+00   0.0000000e+00   0.0000000e+00  -0.0000000e+00  -3.7169141e-01   0.0000000e+00  -2.0931183e-01  -0.0000000e+00   4.7892215e-01  -0.0000000e+00   1.0677294e-01   0.0000000e+00  -5.6982422e-01   0.0000000e+00  -4.8540842e-01   0.0000000e+00  -1.3017756e-01   0.0000000e+00
   0.0000000e+00   0.0000000e+00   0.0000000e+00   0.0000000e+00   0.0000000e+00   0.0000000e+00   0.0000000e+00   0.0000000e+00   0.0000000e+00   0.0000000e+00   0.0000000e+00   0.0000000e+00   0.0000000e+00   0.0000000e+00   3.4768548e-01  -0.0000000e+00  -2.3526658e-02   0.0000000e+00  -5.0991810e-01   0.0000000e+00  -7.5199672e-03  -0.0000000e+00   5.8383999e-01  -0.0000000e+00   4.9938965e-01  -0.0000000e+00   1.6710485e-01  -0.0000000e+00   1.7467148e-02
   0.0000000e+00   0.0000000e+00   0.0000000e+00   0.0000000e+00   0.0000000e+00   0.0000000e+00   0.0000000e+00   0.0000000e+00   0.0000000e+00   0.0000000e+00   0.0000000e+00   0.0000000e+00   0.0000000e+00   0.0000000e+00  -0.0000000e+00   3.3930629e-01  -0.0000000e+00   4.5462597e-01  -0.0000000e+00  -1.6815158e-01   0.0000000e+00  -6.1730946e-01   0.0000000e+00  -4.8540842e-01   0.0000000e+00  -1.7993164e-01   0.0000000e+00  -2.9048631e-02   0.0000000e+00
   0.0000000e+00   0.0000000e+00   0.0000000e+00   0.0000000e+00   0.0000000e+00   0.0000000e+00   0.0000000e+00   0.0000000e+00   0.0000000e+00   0.0000000e+00   0.0000000e+00   0.0000000e+00   0.0000000e+00   0.0000000e+00  -3.9367628e-01   0.0000000e+00  -2.0778182e-01  -0.0000000e+00   4.0940679e-01  -0.0000000e+00   6.4200734e-01  -0.0000000e+00   4.3932900e-01  -0.0000000e+00   1.6710485e-01  -0.0000000e+00   3.3447266e-02  -0.0000000e+00   2.3733181e-03
   0.0000000e+00   0.0000000e+00   0.0000000e+00   0.0000000e+00   0.0000000e+00   0.0000000e+00   0.0000000e+00   0.0000000e+00   0.0000000e+00   0.0000000e+00   0.0000000e+00   0.0000000e+00   0.0000000e+00   0.0000000e+00  -0.0000000e+00  -2.8231989e-01   0.0000000e+00  -6.4141718e-01   0.0000000e+00  -6.0627914e-01   0.0000000e+00  -3.5143278e-01   0.0000000e+00  -1.3017756e-01   0.0000000e+00  -2.9048631e-02   0.0000000e+00  -3.1738281e-03   0.0000000e+00
   0.0000000e+00   0.0000000e+00   0.0000000e+00   0.0000000e+00   0.0000000e+00   0.0000000e+00   0.0000000e+00   0.0000000e+00   0.0000000e+00   0.0000000e+00   0.0000000e+00   0.0000000e+00   0.0000000e+00   0.0000000e+00   5.4671013e-01  -0.0000000e+00   6.7329004e-01  -0.0000000e+00   4.4220988e-01  -0.0000000e+00   2.1520775e-01  -0.0000000e+00   7.4925720e-02  -0.0000000e+00   1.7467148e-02  -0.0000000e+00   2.3733181e-03  -0.0000000e+00   1.2207033e-04
