   0.0000000e+00  -3.1250000e-02   0.0000000e+00  -1.8487749e-01   0.0000000e+00  -5.1633474e-01   0.0000000e+00  -8.3560887e-01   0.0000000e+00   0.0000000e+00   0.0000000e+00   0.0000000e+00   0.0000000e+00   0.0000000e+00   0.0000000e+00   0.0000000e+00   0.0000000e+00
   3.1250000e-02  -0.0000000e+00   2.5674495e-01  -0.0000000e+00   6.6658528e-01  -0.0000000e+00   6.9912054e-01  -0.0000000e+00   0.0000000e+00   0.0000000e+00   0.0000000e+00   0.0000000e+00   0.0000000e+00   0.0000000e+00   0.0000000e+00   0.0000000e+00   0.0000000e+00
   0.0000000e+00  -2.5674495e-01   0.0000000e+00  -7.0883101e-01   0.0000000e+00  -4.7134697e-01   0.0000000e+00   4.5768183e-01   0.0000000e+00   0.0000000e+00   0.0000000e+00   0.0000000e+00   0.0000000e+00   0.0000000e+00   0.0000000e+00   0.0000000e+00   0.0000000e+00
   1.8487749e-01  -0.0000000e+00   7.0883101e-01  -0.0000000e+00   3.3802043e-01   0.0000000e+00  -5.9086470e-01   0.0000000e+00   0.0000000e+00   0.0000000e+00   0.0000000e+00   0.0000000e+00   0.0000000e+00   0.0000000e+00   0.0000000e+00   0.0000000e+00   0.0000000e+00
   0.0000000e+00  -6.6658528e-01   0.0000000e+00  -3.3802043e-01  -0.0000000e+00   6.0515365e-01  -0.0000000e+00  -2.7421764e-01   0.0000000e+00   0.0000000e+00   0.0000000e+00   0.0000000e+00   0.0000000e+00   0.0000000e+00   0.0000000e+00   0.0000000e+00   0.0000000e+00
   5.1633474e-01  -0.0000000e+00   4.7134697e-01   0.0000000e+00  -6.0515365e-01   0.0000000e+00   3.8081430e-01  -0.0000000e+00   0.0000000e+00   0.0000000e+00   0.0000000e+00   0.0000000e+00   0.0000000e+00   0.0000000e+00   0.0000000e+00   0.0000000e+00   0.0000000e+00
   0.0000000e+00  -6.9912054e-01   0.0000000e+00   5.9086470e-01  -0.0000000e+00  -3.8081430e-01   0.0000000e+00   1.3072813e-01   0.0000000e+00   0.0000000e+00   0.0000000e+00   0.0000000e+00   0.0000000e+00   0.0000000e+00   0.0000000e+00   0.0000000e+00   0.0000000e+00
   8.3560887e-01  -0.0000000e+00  -4.5768183e-01   0.0000000e+00   2.7421764e-01  -0.0000000e+00  -1.3072813e-01   0.0000000e+00   0.0000000e+00   0.0000000e+00   0.0000000e+00   0.0000000e+00   0.0000000e+00   0.0000000e+00   0.0000000e+00   0.0000000e+00   0.0000000e+00
   0.0000000e+00   0.0000000e+00   0.0000000e+00   0.0000000e+00   0.0000000e+00   0.0000000e+00   0.0000000e+00   0.0000000e+00   2.7343750e-01   0.0000000e+00  -3.9218439e-01   0.0000000e+00   4.1132646e-01   0.0000000e+00  -4.5768183e-01   0.0000000e+00   6.2670665e-01
   0.0000000e+00   0.0000000e+00   0.0000000e+00   0.0000000e+00   0.0000000e+00   0.0000000e+00   0.0000000e+00   0.0000000e+00  -0.0000000e+00   5.4687500e-01  -0.0000000e+00  -5.3102017e-01   0.0000000e+00   4.9435288e-01  -0.0000000e+00  -4.1780444e-01   0.0000000e+00
   0.0000000e+00   0.0000000e+00   0.0000000e+00   0.0000000e+00   0.0000000e+00   0.0000000e+00   0.0000000e+00   0.0000000e+00  -3.9218439e-01   0.0000000e+00   5.0000000e-01  -0.0000000e+00  -3.2775277e-01   0.0000000e+00   1.3331760e-16  -0.0000000e+00   6.9912054e-01
   0.0000000e+00   0.0000000e+00   0.0000000e+00   0.0000000e+00   0.0000000e+00   0.0000000e+00   0.0000000e+00   0.0000000e+00  -0.0000000e+00  -5.3102017e-01   0.0000000e+00   2.6562500e-01  -0.0000000e+00   2.1819125e-01   0.0000000e+00  -7.7450211e-01   0.0000000e+00
   0.0000000e+00   0.0000000e+00   0.0000000e+00   0.0000000e+00   0.0000000e+00   0.0000000e+00   0.0000000e+00   0.0000000e+00   4.1132646e-01  -0.0000000e+00  -3.2775277e-01   0.0000000e+00  -2.8125000e-01  -0.0000000e+00   7.3020759e-01  -0.0000000e+00   3.3329264e-01
   0.0000000e+00   0.0000000e+00   0.0000000e+00   0.0000000e+00   0.0000000e+00   0.0000000e+00   0.0000000e+00   0.0000000e+00  -0.0000000e+00   4.9435288e-01  -0.0000000e+00   2.1819125e-01   0.0000000e+00  -7.0312500e-01   0.0000000e+00  -4.6219373e-01   0.0000000e+00
   0.0000000e+00   0.0000000e+00   0.0000000e+00   0.0000000e+00   0.0000000e+00   0.0000000e+00   0.0000000e+00   0.0000000e+00  -4.5768183e-01   0.0000000e+00   1.3331760e-16  -0.0000000e+00   7.3020759e-01  -0.0000000e+00   5.0000000e-01  -0.0000000e+00   8.5581650e-02
   0.0000000e+00   0.0000000e+00   0.0000000e+00   0.0000000e+00   0.0000000e+00   0.0000000e+00   0.0000000e+00   0.0000000e+00  -0.0000000e+00  -4.1780444e-01   0.0000000e+00  -7.7450211e-01   0.0000000e+00  -4.6219373e-01   0.0000000e+00  -1.0937500e-01   0.0000000e+00
   0.0000000e+00   0.0000000e+00   0.0000000e+00   0.0000000e+00   0.0000000e+00   0.0000000e+00   0.0000000e+00   0.0000000e+00   6.2670665e-01  -0.0000000e+00   6.9912054e-01  -0.0000000e+00   3.3329264e-01  -0.0000000e+00   8.5581650e-02  -0.0000000e+00   7.8125000e-03
