   0.0000000e+00  -1.0825318e-01   0.0000000e+00  -4.6351241e-01   0.0000000e+00  -8.7945295e-01   0.0000000e+00   0.0000000e+00   0.0000000e+00   0.0000000e+00   0.0000000e+00   0.0000000e+00   0.0000000e+00
   1.0825318e-01  -0.0000000e+00   5.8630197e-01  -0.0000000e+00   8.0282704e-01  -0.0000000e+00   0.0000000e+00   0.0000000e+00   0.0000000e+00   0.0000000e+00   0.0000000e+00   0.0000000e+00   0.0000000e+00
   0.0000000e+00  -5.8630197e-01   0.0000000e+00  -6.8465320e-01   0.0000000e+00   4.3301270e-01   0.0000000e+00   0.0000000e+00   0.0000000e+00   0.0000000e+00   0.0000000e+00   0.0000000e+00   0.0000000e+00
   4.6351241e-01  -0.0000000e+00   6.8465320e-01  -0.0000000e+00  -5.6250000e-01   0.0000000e+00   0.0000000e+00   0.0000000e+00   0.0000000e+00   0.0000000e+00   0.0000000e+00   0.0000000e+00   0.0000000e+00
   0.0000000e+00  -8.0282704e-01   0.0000000e+00   5.6250000e-01  -0.0000000e+00  -1.9764235e-01   0.0000000e+00   0.0000000e+00   0.0000000e+00   0.0000000e+00   0.0000000e+00   0.0000000e+00   0.0000000e+00
   8.7945295e-01  -0.0000000e+00  -4.3301270e-01   0.0000000e+00   1.9764235e-01  -0.0000000e+00   0.0000000e+00   0.0000000e+00   0.0000000e+00   0.0000000e+00   0.0000000e+00   0.0000000e+00   0.0000000e+00
   0.0000000e+00   0.0000000e+00   0.0000000e+00   0.0000000e+00   0.0000000e+00   0.0000000e+00  -3.1250000e-01   0.0000000e+00   4.5285552e-01   0.0000000e+00  -4.9607837e-01   0.0000000e+00   6.7169329e-01
   0.0000000e+00   0.0000000e+00   0.0000000e+00   0.0000000e+00   0.0000000e+00   0.0000000e+00  -0.0000000e+00  -6.2500000e-01   0.0000000e+00   5.9292706e-01  -0.0000000e+00  -5.0775240e-01   0.0000000e+00
   0.0000000e+00   0.0000000e+00   0.0000000e+00   0.0000000e+00   0.0000000e+00   0.0000000e+00   4.5285552e-01  -0.0000000e+00  -5.3125000e-01   0.0000000e+00   1.7116330e-01  -0.0000000e+00   6.9526861e-01
   0.0000000e+00   0.0000000e+00   0.0000000e+00   0.0000000e+00   0.0000000e+00   0.0000000e+00  -0.0000000e+00   5.9292706e-01  -0.0000000e+00  -6.2500000e-02   0.0000000e+00  -8.0282704e-01   0.0000000e+00
   0.0000000e+00   0.0000000e+00   0.0000000e+00   0.0000000e+00   0.0000000e+00   0.0000000e+00  -4.9607837e-01   0.0000000e+00   1.7116330e-01  -0.0000000e+00   8.1250000e-01  -0.0000000e+00   2.5387620e-01
   0.0000000e+00   0.0000000e+00   0.0000000e+00   0.0000000e+00   0.0000000e+00   0.0000000e+00  -0.0000000e+00  -5.0775240e-01   0.0000000e+00  -8.0282704e-01   0.0000000e+00  -3.1250000e-01   0.0000000e+00
   0.0000000e+00   0.0000000e+00   0.0000000e+00   0.0000000e+00   0.0000000e+00   0.0000000e+00   6.7169329e-01  -0.0000000e+00   6.9526861e-01  -0.0000000e+00   2.5387620e-01  -0.0000000e+00   3.1250000e-02
