   0.0000000e+00  -1.7263352e-04   0.0000000e+00  -2.1492696e-03   0.0000000e+00  -1.3694744e-02   0.0000000e+00  -5.5988371e-02   0.0000000e+00  -1.6162451e-01   0.0000000e+00  -3.4664594e-01   0.0000000e+00  -5.6878544e-01   0.0000000e+00  -7.2585835e-01   0.0000000e+00   0.0000000e+00   0.0000000e+00   0.0000000e+00   0.0000000e+00   0.0000000e+00   0.0000000e+00   0.0000000e+00   0.0000000e+00   0.0000000e+00   0.0000000e+00   0.0000000e+00   0.0000000e+00   0.0000000e+00   0.0000000e+00   0.0000000e+00   0.0000000e+00
   1.7263352e-04  -0.0000000e+00   3.3641391e-03  -0.0000000e+00   2.4552525e-02  -0.0000000e+00   1.0271058e-01  -0.0000000e+00   2.7994185e-01  -0.0000000e+00   5.1996892e-01  -0.0000000e+00   6.4851518e-01  -0.0000000e+00   4.6853955e-01  -0.0000000e+00   0.0000000e+00   0.0000000e+00   0.0000000e+00   0.0000000e+00   0.0000000e+00   0.0000000e+00   0.0000000e+00   0.0000000e+00   0.0000000e+00   0.0000000e+00   0.0000000e+00   0.0000000e+00   0.0000000e+00   0.0000000e+00   0.0000000e+00   0.0000000e+00   0.0000000e+00
   0.0000000e+00  -3.3641391e-03   0.0000000e+00  -3.1074628e-02   0.0000000e+00  -1.3897015e-01   0.0000000e+00  -3.6703700e-01   0.0000000e+00  -5.9508667e-01   0.0000000e+00  -5.2920532e-01   0.0000000e+00  -5.1078440e-02  -0.0000000e+00   4.5628803e-01   0.0000000e+00   0.0000000e+00   0.0000000e+00   0.0000000e+00   0.0000000e+00   0.0000000e+00   0.0000000e+00   0.0000000e+00   0.0000000e+00   0.0000000e+00   0.0000000e+00   0.0000000e+00   0.0000000e+00   0.0000000e+00   0.0000000e+00   0.0000000e+00   0.0000000e+00
   2.1492696e-03  -0.0000000e+00   3.1074628e-02  -0.0000000e+00   1.5842587e-01  -0.0000000e+00   4.2074553e-01  -0.0000000e+00   6.0710771e-01  -0.0000000e+00   3.4804090e-01  -0.0000000e+00  -2.6044996e-01   0.0000000e+00  -4.8924203e-01   0.0000000e+00   0.0000000e+00   0.0000000e+00   0.0000000e+00   0.0000000e+00   0.0000000e+00   0.0000000e+00   0.0000000e+00   0.0000000e+00   0.0000000e+00   0.0000000e+00   0.0000000e+00   0.0000000e+00   0.0000000e+00   0.0000000e+00   0.0000000e+00   0.0000000e+00   0.0000000e+00
   0.0000000e+00  -2.4552525e-02   0.0000000e+00  -1.5842587e-01   0.0000000e+00  -4.4558365e-01   0.0000000e+00  -5.9344988e-01   0.0000000e+00  -1.8580349e-01  -0.0000000e+00   4.2044009e-01  -0.0000000e+00   3.0594179e-01   0.0000000e+00  -3.4449629e-01   0.0000000e+00   0.0000000e+00   0.0000000e+00   0.0000000e+00   0.0000000e+00   0.0000000e+00   0.0000000e+00   0.0000000e+00   0.0000000e+00   0.0000000e+00   0.0000000e+00   0.0000000e+00   0.0000000e+00   0.0000000e+00   0.0000000e+00   0.0000000e+00   0.0000000e+00
   1.3694744e-02  -0.0000000e+00   1.3897015e-01  -0.0000000e+00   4.4558365e-01  -0.0000000e+00   5.8030748e-01  -0.0000000e+00   7.4106835e-02   0.0000000e+00  -4.7411860e-01   0.0000000e+00  -8.9925729e-02  -0.0000000e+00   4.5478708e-01  -0.0000000e+00   0.0000000e+00   0.0000000e+00   0.0000000e+00   0.0000000e+00   0.0000000e+00   0.0000000e+00   0.0000000e+00   0.0000000e+00   0.0000000e+00   0.0000000e+00   0.0000000e+00   0.0000000e+00   0.0000000e+00   0.0000000e+00   0.0000000e+00   0.0000000e+00   0.0000000e+00
   0.0000000e+00  -1.0271058e-01   0.0000000e+00  -4.2074553e-01   0.0000000e+00  -5.8030748e-01   0.0000000e+00  -1.8938413e-02  -0.0000000e+00   4.7777254e-01  -0.0000000e+00  -7.6470742e-02   0.0000000e+00  -4.1227543e-01   0.0000000e+00   2.6687618e-01   0.0000000e+00   0.0000000e+00   0.0000000e+00   0.0000000e+00   0.0000000e+00   0.0000000e+00   0.0000000e+00   0.0000000e+00   0.0000000e+00   0.0000000e+00   0.0000000e+00   0.0000000e+00   0.0000000e+00   0.0000000e+00   0.0000000e+00   0.0000000e+00   0.0000000e+00
   5.5988371e-02  -0.0000000e+00   3.6703700e-01  -0.0000000e+00   5.9344988e-01  -0.0000000e+00   1.8938413e-02   0.0000000e+00  -4.7042626e-01   0.0000000e+00   1.7796213e-01  -0.0000000e+00   3.1793950e-01   0.0000000e+00  -3.9439929e-01   0.0000000e+00   0.0000000e+00   0.0000000e+00   0.0000000e+00   0.0000000e+00   0.0000000e+00   0.0000000e+00   0.0000000e+00   0.0000000e+00   0.0000000e+00   0.0000000e+00   0.0000000e+00   0.0000000e+00   0.0000000e+00   0.0000000e+00   0.0000000e+00   0.0000000e+00   0.0000000e+00
   0.0000000e+00  -2.7994185e-01   0.0000000e+00  -6.0710771e-01   0.0000000e+00  -7.4106835e-02  -0.0000000e+00   4.7042626e-01  -0.0000000e+00  -2.2395847e-01   0.0000000e+00  -2.3407631e-01  -0.0000000e+00   4.2406457e-01  -0.0000000e+00  -2.0366692e-01   0.0000000e+00   0.0000000e+00   0.0000000e+00   0.0000000e+00   0.0000000e+00   0.0000000e+00   0.0000000e+00   0.0000000e+00   0.0000000e+00   0.0000000e+00   0.0000000e+00   0.0000000e+00   0.0000000e+00   0.0000000e+00   0.0000000e+00   0.0000000e+00   0.0000000e+00
   1.6162451e-01  -0.0000000e+00   5.9508667e-01  -0.0000000e+00   1.8580349e-01   0.0000000e+00  -4.7777254e-01   0.0000000e+00   2.2395847e-01  -0.0000000e+00   1.8790573e-01   0.0000000e+00  -4.1214967e-01   0.0000000e+00   3.1878915e-01  -0.0000000e+00   0.0000000e+00   0.0000000e+00   0.0000000e+00   0.0000000e+00   0.0000000e+00   0.0000000e+00   0.0000000e+00   0.0000000e+00   0.0000000e+00   0.0000000e+00   0.0000000e+00   0.0000000e+00   0.0000000e+00   0.0000000e+00   0.0000000e+00   0.0000000e+00   0.0000000e+00
   0.0000000e+00  -5.1996892e-01   0.0000000e+00  -3.4804090e-01  -0.0000000e+00   4.7411860e-01  -0.0000000e+00  -1.7796213e-01   0.0000000e+00  -1.8790573e-01  -0.0000000e+00   3.9731598e-01  -0.0000000e+00  -3.7008102e-01   0.0000000e+00   1.4802829e-01   0.0000000e+00   0.0000000e+00   0.0000000e+00   0.0000000e+00   0.0000000e+00   0.0000000e+00   0.0000000e+00   0.0000000e+00   0.0000000e+00   0.0000000e+00   0.0000000e+00   0.0000000e+00   0.0000000e+00   0.0000000e+00   0.0000000e+00   0.0000000e+00   0.0000000e+00
   3.4664594e-01  -0.0000000e+00   5.2920532e-01  -0.0000000e+00  -4.2044009e-01   0.0000000e+00   7.6470742e-02  -0.0000000e+00   2.3407631e-01   0.0000000e+00  -3.9731598e-01   0.0000000e+00   3.8723826e-01  -0.0000000e+00  -2.3357118e-01   0.0000000e+00   0.0000000e+00   0.0000000e+00   0.0000000e+00   0.0000000e+00   0.0000000e+00   0.0000000e+00   0.0000000e+00   0.0000000e+00   0.0000000e+00   0.0000000e+00   0.0000000e+00   0.0000000e+00   0.0000000e+00   0.0000000e+00   0.0000000e+00   0.0000000e+00   0.0000000e+00
   0.0000000e+00  -6.4851518e-01   0.0000000e+00   2.6044996e-01  -0.0000000e+00   8.9925729e-02   0.0000000e+00  -3.1793950e-01  -0.0000000e+00   4.1214967e-01  -0.0000000e+00  -3.8723826e-01   0.0000000e+00   2.7064464e-01  -0.0000000e+00  -9.6707658e-02   0.0000000e+00   0.0000000e+00   0.0000000e+00   0.0000000e+00   0.0000000e+00   0.0000000e+00   0.0000000e+00   0.0000000e+00   0.0000000e+00   0.0000000e+00   0.0000000e+00   0.0000000e+00   0.0000000e+00   0.0000000e+00   0.0000000e+00   0.0000000e+00   0.0000000e+00
   5.6878544e-01  -0.0000000e+00   5.1078440e-02   0.0000000e+00  -3.0594179e-01  -0.0000000e+00   4.1227543e-01   0.0000000e+00  -4.2406457e-01   0.0000000e+00   3.7008102e-01  -0.0000000e+00  -2.7064464e-01   0.0000000e+00   1.4234982e-01  -0.0000000e+00   0.0000000e+00   0.0000000e+00   0.0000000e+00   0.0000000e+00   0.0000000e+00   0.0000000e+00   0.0000000e+00   0.0000000e+00   0.0000000e+00   0.0000000e+00   0.0000000e+00   0.0000000e+00   0.0000000e+00   0.0000000e+00   0.0000000e+00   0.0000000e+00   0.0000000e+00
   0.0000000e+00  -4.6853955e-01  -0.0000000e+00   4.8924203e-01   0.0000000e+00  -4.5478708e-01   0.0000000e+00   3.9439929e-01  -0.0000000e+00  -3.1878915e-01   0.0000000e+00   2.3357118e-01  -0.0000000e+00  -1.4234982e-01   0.0000000e+00   4.7805375e-02   0.0000000e+00   0.0000000e+00   0.0000000e+00   0.0000000e+00   0.0000000e+00   0.0000000e+00   0.0000000e+00   0.0000000e+00   0.0000000e+00   0.0000000e+00   0.0000000e+00   0.0000000e+00   0.0000000e+00   0.0000000e+00   0.0000000e+00   0.0000000e+00   0.0000000e+00
   7.2585835e-01  -0.0000000e+00  -4.5628803e-01   0.0000000e+00   3.4449629e-01  -0.0000000e+00  -2.6687618e-01   0.0000000e+00   2.0366692e-01  -0.0000000e+00  -1.4802829e-01   0.0000000e+00   9.6707658e-02  -0.0000000e+00  -4.7805375e-02   0.0000000e+00   0.0000000e+00   0.0000000e+00   0.0000000e+00   0.0000000e+00   0.0000000e+00   0.0000000e+00   0.0000000e+00   0.0000000e+00   0.0000000e+00   0.0000000e+00   0.0000000e+00   0.0000000e+00   0.0000000e+00   0.0000000e+00   0.0000000e+00   0.0000000e+00   0.0000000e+00
   0.0000000e+00   0.0000000e+00   0.0000000e+00   0.0000000e+00   0.0000000e+00   0.0000000e+00   0.0000000e+00   0.0000000e+00   0.0000000e+00   0.0000000e+00   0.0000000e+00   0.0000000e+00   0.0000000e+00   0.0000000e+00   0.0000000e+00   0.0000000e+00   1.9638062e-01   0.0000000e+00  -2.7875084e-01   0.0000000e+00   2.8194885e-01   0.0000000e+00  -2.8771527e-01   0.0000000e+00   2.9689300e-01   0.0000000e+00  -3.1122843e-01   0.0000000e+00   3.3479021e-01   0.0000000e+00  -3.8008479e-01   0.0000000e+00   5.2905564e-01
   0.0000000e+00   0.0000000e+00   0.0000000e+00   0.0000000e+00   0.0000000e+00   0.0000000e+00   0.0000000e+00   0.0000000e+00   0.0000000e+00   0.0000000e+00   0.0000000e+00   0.0000000e+00   0.0000000e+00   0.0000000e+00   0.0000000e+00   0.0000000e+00  -0.0000000e+00   3.9276123e-01  -0.0000000e+00  -3.8984103e-01   0.0000000e+00   3.8379662e-01  -0.0000000e+00  -3.7416002e-01   0.0000000e+00   3.6003565e-01  -0.0000000e+00  -3.3967792e-01   0.0000000e+00   3.0919488e-01  -0.0000000e+00  -2.5662968e-01   0.0000000e+00
   0.0000000e+00   0.0000000e+00   0.0000000e+00   0.0000000e+00   0.0000000e+00   0.0000000e+00   0.0000000e+00   0.0000000e+00   0.0000000e+00   0.0000000e+00   0.0000000e+00   0.0000000e+00   0.0000000e+00   0.0000000e+00   0.0000000e+00   0.0000000e+00  -2.7875084e-01   0.0000000e+00   3.8403320e-01  -0.0000000e+00  -3.5312644e-01   0.0000000e+00   3.0029049e-01  -0.0000000e+00  -2.2310593e-01   0.0000000e+00   1.1693928e-01  -0.0000000e+00   2.7953835e-02   0.0000000e+00  -2.3801833e-01  -0.0000000e+00   6.6261498e-01
   0.0000000e+00   0.0000000e+00   0.0000000e+00   0.0000000e+00   0.0000000e+00   0.0000000e+00   0.0000000e+00   0.0000000e+00   0.0000000e+00   0.0000000e+00   0.0000000e+00   0.0000000e+00   0.0000000e+00   0.0000000e+00   0.0000000e+00   0.0000000e+00  -0.0000000e+00  -3.8984103e-01   0.0000000e+00   3.4039307e-01  -0.0000000e+00  -2.4345986e-01   0.0000000e+00   1.0331572e-01  -0.0000000e+00   7.2546516e-02   0.0000000e+00  -2.7124291e-01  -0.0000000e+00   4.6842021e-01   0.0000000e+00  -6.0328806e-01   0.0000000e+00
   0.0000000e+00   0.0000000e+00   0.0000000e+00   0.0000000e+00   0.0000000e+00   0.0000000e+00   0.0000000e+00   0.0000000e+00   0.0000000e+00   0.0000000e+00   0.0000000e+00   0.0000000e+00   0.0000000e+00   0.0000000e+00   0.0000000e+00   0.0000000e+00   2.8194885e-01  -0.0000000e+00  -3.5312644e-01   0.0000000e+00   2.2290039e-01  -0.0000000e+00  -2.8318208e-02   0.0000000e+00  -1.9512434e-01  -0.0000000e+00   3.9308384e-01   0.0000000e+00  -4.8364344e-01   0.0000000e+00   3.2944604e-01  -0.0000000e+00   4.5856948e-01
   0.0000000e+00   0.0000000e+00   0.0000000e+00   0.0000000e+00   0.0000000e+00   0.0000000e+00   0.0000000e+00   0.0000000e+00   0.0000000e+00   0.0000000e+00   0.0000000e+00   0.0000000e+00   0.0000000e+00   0.0000000e+00   0.0000000e+00   0.0000000e+00  -0.0000000e+00   3.8379662e-01  -0.0000000e+00  -2.4345986e-01   0.0000000e+00   3.3569336e-03  -0.0000000e+00   2.5853901e-01   0.0000000e+00  -4.3419856e-01   0.0000000e+00   4.0014006e-01  -0.0000000e+00  -4.9220417e-02   0.0000000e+00  -6.1278925e-01   0.0000000e+00
   0.0000000e+00   0.0000000e+00   0.0000000e+00   0.0000000e+00   0.0000000e+00   0.0000000e+00   0.0000000e+00   0.0000000e+00   0.0000000e+00   0.0000000e+00   0.0000000e+00   0.0000000e+00   0.0000000e+00   0.0000000e+00   0.0000000e+00   0.0000000e+00  -2.8771527e-01   0.0000000e+00   3.0029049e-01  -0.0000000e+00  -2.8318208e-02   0.0000000e+00  -2.7758789e-01  -0.0000000e+00   4.3986695e-01  -0.0000000e+00  -3.0280869e-01   0.0000000e+00  -1.5511098e-01  -0.0000000e+00   6.1633711e-01  -0.0000000e+00   2.4511570e-01
   0.0000000e+00   0.0000000e+00   0.0000000e+00   0.0000000e+00   0.0000000e+00   0.0000000e+00   0.0000000e+00   0.0000000e+00   0.0000000e+00   0.0000000e+00   0.0000000e+00   0.0000000e+00   0.0000000e+00   0.0000000e+00   0.0000000e+00   0.0000000e+00  -0.0000000e+00  -3.7416002e-01   0.0000000e+00   1.0331572e-01  -0.0000000e+00   2.5853901e-01   0.0000000e+00  -4.3865967e-01   0.0000000e+00   2.3416092e-01  -0.0000000e+00   2.7732823e-01   0.0000000e+00  -5.4618947e-01   0.0000000e+00  -4.0000024e-01   0.0000000e+00
   0.0000000e+00   0.0000000e+00   0.0000000e+00   0.0000000e+00   0.0000000e+00   0.0000000e+00   0.0000000e+00   0.0000000e+00   0.0000000e+00   0.0000000e+00   0.0000000e+00   0.0000000e+00   0.0000000e+00   0.0000000e+00   0.0000000e+00   0.0000000e+00   2.9689300e-01  -0.0000000e+00  -2.2310593e-01   0.0000000e+00  -1.9512434e-01  -0.0000000e+00   4.3986695e-01  -0.0000000e+00  -2.1008301e-01   0.0000000e+00  -3.3769820e-01  -0.0000000e+00   4.6347463e-01  -0.0000000e+00   4.9773712e-01  -0.0000000e+00   9.8974392e-02
   0.0000000e+00   0.0000000e+00   0.0000000e+00   0.0000000e+00   0.0000000e+00   0.0000000e+00   0.0000000e+00   0.0000000e+00   0.0000000e+00   0.0000000e+00   0.0000000e+00   0.0000000e+00   0.0000000e+00   0.0000000e+00   0.0000000e+00   0.0000000e+00  -0.0000000e+00   3.6003565e-01  -0.0000000e+00   7.2546516e-02   0.0000000e+00  -4.3419856e-01   0.0000000e+00   2.3416092e-01  -0.0000000e+00   3.5540771e-01   0.0000000e+00  -4.0349113e-01   0.0000000e+00  -5.4853720e-01   0.0000000e+00  -1.7815391e-01   0.0000000e+00
   0.0000000e+00   0.0000000e+00   0.0000000e+00   0.0000000e+00   0.0000000e+00   0.0000000e+00   0.0000000e+00   0.0000000e+00   0.0000000e+00   0.0000000e+00   0.0000000e+00   0.0000000e+00   0.0000000e+00   0.0000000e+00   0.0000000e+00   0.0000000e+00  -3.1122843e-01   0.0000000e+00   1.1693928e-01  -0.0000000e+00   3.9308384e-01  -0.0000000e+00  -3.0280869e-01   0.0000000e+00  -3.3769820e-01  -0.0000000e+00   3.8208008e-01  -0.0000000e+00   5.6989294e-01  -0.0000000e+00   2.4001432e-01  -0.0000000e+00   2.9050939e-02
   0.0000000e+00   0.0000000e+00   0.0000000e+00   0.0000000e+00   0.0000000e+00   0.0000000e+00   0.0000000e+00   0.0000000e+00   0.0000000e+00   0.0000000e+00   0.0000000e+00   0.0000000e+00   0.0000000e+00   0.0000000e+00   0.0000000e+00   0.0000000e+00  -0.0000000e+00  -3.3967792e-01   0.0000000e+00  -2.7124291e-01  -0.0000000e+00   4.0014006e-01  -0.0000000e+00   2.7732823e-01   0.0000000e+00  -4.0349113e-01   0.0000000e+00  -5.7537842e-01   0.0000000e+00  -2.7806679e-01   0.0000000e+00  -5.3260055e-02   0.0000000e+00
   0.0000000e+00   0.0000000e+00   0.0000000e+00   0.0000000e+00   0.0000000e+00   0.0000000e+00   0.0000000e+00   0.0000000e+00   0.0000000e+00   0.0000000e+00   0.0000000e+00   0.0000000e+00   0.0000000e+00   0.0000000e+00   0.0000000e+00   0.0000000e+00   3.3479021e-01  -0.0000000e+00   2.7953835e-02   0.0000000e+00  -4.8364344e-01   0.0000000e+00  -1.5511098e-01  -0.0000000e+00   4.6347463e-01  -0.0000000e+00   5.6989294e-01  -0.0000000e+00   2.9077148e-01  -0.0000000e+00   7.0678606e-02  -0.0000000e+00   5.7870856e-03
   0.0000000e+00   0.0000000e+00   0.0000000e+00   0.0000000e+00   0.0000000e+00   0.0000000e+00   0.0000000e+00   0.0000000e+00   0.0000000e+00   0.0000000e+00   0.0000000e+00   0.0000000e+00   0.0000000e+00   0.0000000e+00   0.0000000e+00   0.0000000e+00  -0.0000000e+00   3.0919488e-01  -0.0000000e+00   4.6842021e-01  -0.0000000e+00  -4.9220417e-02   0.0000000e+00  -5.4618947e-01   0.0000000e+00  -5.4853720e-01   0.0000000e+00  -2.7806679e-01   0.0000000e+00  -7.6965332e-02   0.0000000e+00  -9.8784604e-03   0.0000000e+00
   0.0000000e+00   0.0000000e+00   0.0000000e+00   0.0000000e+00   0.0000000e+00   0.0000000e+00   0.0000000e+00   0.0000000e+00   0.0000000e+00   0.0000000e+00   0.0000000e+00   0.0000000e+00   0.0000000e+00   0.0000000e+00   0.0000000e+00   0.0000000e+00  -3.8008479e-01   0.0000000e+00  -2.3801833e-01  -0.0000000e+00   3.2944604e-01  -0.0000000e+00   6.1633711e-01  -0.0000000e+00   4.9773712e-01  -0.0000000e+00   2.4001432e-01  -0.0000000e+00   7.0678606e-02  -0.0000000e+00   1.1474609e-02  -0.0000000e+00   6.7965874e-04
   0.0000000e+00   0.0000000e+00   0.0000000e+00   0.0000000e+00   0.0000000e+00   0.0000000e+00   0.0000000e+00   0.0000000e+00   0.0000000e+00   0.0000000e+00   0.0000000e+00   0.0000000e+00   0.0000000e+00   0.0000000e+00   0.0000000e+00   0.0000000e+00  -0.0000000e+00  -2.5662968e-01   0.0000000e+00  -6.0328806e-01   0.0000000e+00  -6.1278925e-01   0.0000000e+00  -4.0000024e-01   0.0000000e+00  -1.7815391e-01   0.0000000e+00  -5.3260055e-02   0.0000000e+00  -9.8784604e-03   0.0000000e+00  -9.1552727e-04   0.0000000e+00
   0.0000000e+00   0.0000000e+00   0.0000000e+00   0.0000000e+00   0.0000000e+00   0.0000000e+00   0.0000000e+00   0.0000000e+00   0.0000000e+00   0.0000000e+00   0.0000000e+00   0.0000000e+00   0.0000000e+00   0.0000000e+00   0.0000000e+00   0.0000000e+00   5.2905564e-01  -0.0000000e+00   6.6261498e-01  -0.0000000e+00   4.5856948e-01  -0.0000000e+00   2.4511570e-01  -0.0000000e+00   9.8974392e-02  -0.0000000e+00   2.9050939e-02  -0.0000000e+00   5.7870856e-03  -0.0000000e+00   6.7965874e-04  -0.0000000e+00   3.0517345e-05
