   0.0000000e+00  -8.7346405e-03   0.0000000e+00  -6.5945090e-02   0.0000000e+00  -2.4319348e-01   0.0000000e+00  -5.4379714e-01   0.0000000e+00  -8.0044772e-01   0.0000000e+00   0.0000000e+00   0.0000000e+00   0.0000000e+00   0.0000000e+00   0.0000000e+00   0.0000000e+00   0.0000000e+00   0.0000000e+00   0.0000000e+00   0.0000000e+00
   8.7346405e-03  -0.0000000e+00   9.6318969e-02  -0.0000000e+00   3.6479021e-01  -0.0000000e+00   6.8785502e-01  -0.0000000e+00   6.2002414e-01  -0.0000000e+00   0.0000000e+00   0.0000000e+00   0.0000000e+00   0.0000000e+00   0.0000000e+00   0.0000000e+00   0.0000000e+00   0.0000000e+00   0.0000000e+00   0.0000000e+00   0.0000000e+00
   0.0000000e+00  -9.6318969e-02   0.0000000e+00  -4.2100605e-01   0.0000000e+00  -7.0572436e-01   0.0000000e+00  -3.1560953e-01  -0.0000000e+00   4.6456465e-01   0.0000000e+00   0.0000000e+00   0.0000000e+00   0.0000000e+00   0.0000000e+00   0.0000000e+00   0.0000000e+00   0.0000000e+00   0.0000000e+00   0.0000000e+00   0.0000000e+00
   6.5945090e-02  -0.0000000e+00   4.2100605e-01  -0.0000000e+00   6.9255290e-01  -0.0000000e+00   9.1108623e-02   0.0000000e+00  -5.7486942e-01   0.0000000e+00   0.0000000e+00   0.0000000e+00   0.0000000e+00   0.0000000e+00   0.0000000e+00   0.0000000e+00   0.0000000e+00   0.0000000e+00   0.0000000e+00   0.0000000e+00   0.0000000e+00
   0.0000000e+00  -3.6479021e-01   0.0000000e+00  -6.9255290e-01   0.0000000e+00   1.7469281e-02  -0.0000000e+00   5.3906250e-01  -0.0000000e+00  -3.1049159e-01   0.0000000e+00   0.0000000e+00   0.0000000e+00   0.0000000e+00   0.0000000e+00   0.0000000e+00   0.0000000e+00   0.0000000e+00   0.0000000e+00   0.0000000e+00   0.0000000e+00
   2.4319348e-01  -0.0000000e+00   7.0572436e-01  -0.0000000e+00  -1.7469281e-02   0.0000000e+00  -4.9410588e-01   0.0000000e+00   4.4538103e-01  -0.0000000e+00   0.0000000e+00   0.0000000e+00   0.0000000e+00   0.0000000e+00   0.0000000e+00   0.0000000e+00   0.0000000e+00   0.0000000e+00   0.0000000e+00   0.0000000e+00   0.0000000e+00
   0.0000000e+00  -6.8785502e-01   0.0000000e+00  -9.1108623e-02  -0.0000000e+00   4.9410588e-01   0.0000000e+00  -4.8613591e-01   0.0000000e+00   1.9515619e-01   0.0000000e+00   0.0000000e+00   0.0000000e+00   0.0000000e+00   0.0000000e+00   0.0000000e+00   0.0000000e+00   0.0000000e+00   0.0000000e+00   0.0000000e+00   0.0000000e+00
   5.4379714e-01  -0.0000000e+00   3.1560953e-01   0.0000000e+00  -5.3906250e-01   0.0000000e+00   4.8613591e-01  -0.0000000e+00  -2.7885263e-01   0.0000000e+00   0.0000000e+00   0.0000000e+00   0.0000000e+00   0.0000000e+00   0.0000000e+00   0.0000000e+00   0.0000000e+00   0.0000000e+00   0.0000000e+00   0.0000000e+00   0.0000000e+00
   0.0000000e+00  -6.2002414e-01  -0.0000000e+00   5.7486942e-01  -0.0000000e+00  -4.4538103e-01   0.0000000e+00   2.7885263e-01  -0.0000000e+00  -9.4721529e-02   0.0000000e+00   0.0000000e+00   0.0000000e+00   0.0000000e+00   0.0000000e+00   0.0000000e+00   0.0000000e+00   0.0000000e+00   0.0000000e+00   0.0000000e+00   0.0000000e+00
   8.0044772e-01  -0.0000000e+00  -4.6456465e-01   0.0000000e+00   3.1049159e-01  -0.0000000e+00  -1.9515619e-01   0.0000000e+00   9.4721529e-02  -0.0000000e+00   0.0000000e+00   0.0000000e+00   0.0000000e+00   0.0000000e+00   0.0000000e+00   0.0000000e+00   0.0000000e+00   0.0000000e+00   0.0000000e+00   0.0000000e+00   0.0000000e+00
   0.0000000e+00   0.0000000e+00   0.0000000e+00   0.0000000e+00   0.0000000e+00   0.0000000e+00   0.0000000e+00   0.0000000e+00   0.0000000e+00   0.0000000e+00  -2.4609375e-01   0.0000000e+00   3.5123683e-01   0.0000000e+00  -3.6182926e-01   0.0000000e+00   3.8377788e-01   0.0000000e+00  -4.3066296e-01   0.0000000e+00   5.9362792e-01
   0.0000000e+00   0.0000000e+00   0.0000000e+00   0.0000000e+00   0.0000000e+00   0.0000000e+00   0.0000000e+00   0.0000000e+00   0.0000000e+00   0.0000000e+00  -0.0000000e+00  -4.9218750e-01   0.0000000e+00   4.8298692e-01  -0.0000000e+00  -4.6285354e-01   0.0000000e+00   4.2672988e-01  -0.0000000e+00  -3.5797110e-01   0.0000000e+00
   0.0000000e+00   0.0000000e+00   0.0000000e+00   0.0000000e+00   0.0000000e+00   0.0000000e+00   0.0000000e+00   0.0000000e+00   0.0000000e+00   0.0000000e+00   3.5123683e-01  -0.0000000e+00  -4.6484375e-01   0.0000000e+00   3.6618880e-01  -0.0000000e+00  -1.8922143e-01   0.0000000e+00  -1.0058120e-01  -0.0000000e+00   6.9320806e-01
   0.0000000e+00   0.0000000e+00   0.0000000e+00   0.0000000e+00   0.0000000e+00   0.0000000e+00   0.0000000e+00   0.0000000e+00   0.0000000e+00   0.0000000e+00  -0.0000000e+00   4.8298692e-01  -0.0000000e+00  -3.2812500e-01   0.0000000e+00   3.4938562e-02  -0.0000000e+00   3.5432939e-01   0.0000000e+00  -7.2958043e-01   0.0000000e+00
   0.0000000e+00   0.0000000e+00   0.0000000e+00   0.0000000e+00   0.0000000e+00   0.0000000e+00   0.0000000e+00   0.0000000e+00   0.0000000e+00   0.0000000e+00  -3.6182926e-01   0.0000000e+00   3.6618880e-01  -0.0000000e+00   1.5625000e-02   0.0000000e+00  -4.5851455e-01  -0.0000000e+00   6.1371651e-01  -0.0000000e+00   3.8452265e-01
   0.0000000e+00   0.0000000e+00   0.0000000e+00   0.0000000e+00   0.0000000e+00   0.0000000e+00   0.0000000e+00   0.0000000e+00   0.0000000e+00   0.0000000e+00  -0.0000000e+00  -4.6285354e-01   0.0000000e+00   3.4938562e-02  -0.0000000e+00   4.8437500e-01  -0.0000000e+00  -5.0419384e-01   0.0000000e+00  -5.4379714e-01   0.0000000e+00
   0.0000000e+00   0.0000000e+00   0.0000000e+00   0.0000000e+00   0.0000000e+00   0.0000000e+00   0.0000000e+00   0.0000000e+00   0.0000000e+00   0.0000000e+00   3.8377788e-01  -0.0000000e+00  -1.8922143e-01   0.0000000e+00  -4.5851455e-01   0.0000000e+00   4.6289062e-01  -0.0000000e+00   6.1149346e-01  -0.0000000e+00   1.3594929e-01
   0.0000000e+00   0.0000000e+00   0.0000000e+00   0.0000000e+00   0.0000000e+00   0.0000000e+00   0.0000000e+00   0.0000000e+00   0.0000000e+00   0.0000000e+00  -0.0000000e+00   4.2672988e-01  -0.0000000e+00   3.5432939e-01   0.0000000e+00  -5.0419384e-01   0.0000000e+00  -6.2890625e-01   0.0000000e+00  -2.0644079e-01   0.0000000e+00
   0.0000000e+00   0.0000000e+00   0.0000000e+00   0.0000000e+00   0.0000000e+00   0.0000000e+00   0.0000000e+00   0.0000000e+00   0.0000000e+00   0.0000000e+00  -4.3066296e-01   0.0000000e+00  -1.0058120e-01  -0.0000000e+00   6.1371651e-01  -0.0000000e+00   6.1149346e-01  -0.0000000e+00   2.3046875e-01  -0.0000000e+00   2.6921970e-02
   0.0000000e+00   0.0000000e+00   0.0000000e+00   0.0000000e+00   0.0000000e+00   0.0000000e+00   0.0000000e+00   0.0000000e+00   0.0000000e+00   0.0000000e+00  -0.0000000e+00  -3.5797110e-01   0.0000000e+00  -7.2958043e-01   0.0000000e+00  -5.4379714e-01   0.0000000e+00  -2.0644079e-01   0.0000000e+00  -3.5156250e-02   0.0000000e+00
   0.0000000e+00   0.0000000e+00   0.0000000e+00   0.0000000e+00   0.0000000e+00   0.0000000e+00   0.0000000e+00   0.0000000e+00   0.0000000e+00   0.0000000e+00   5.9362792e-01  -0.0000000e+00   6.9320806e-01  -0.0000000e+00   3.8452265e-01  -0.0000000e+00   1.3594929e-01  -0.0000000e+00   2.6921970e-02  -0.0000000e+00   1.9531250e-03
