   0.0000000e+00  -2.3920798e-03   0.0000000e+00  -2.1967230e-02   0.0000000e+00  -1.0066650e-01   0.0000000e+00  -2.8725881e-01   0.0000000e+00  -5.5833077e-01   0.0000000e+00  -7.7144482e-01   0.0000000e+00   0.0000000e+00   0.0000000e+00   0.0000000e+00   0.0000000e+00   0.0000000e+00   0.0000000e+00   0.0000000e+00   0.0000000e+00   0.0000000e+00   0.0000000e+00   0.0000000e+00   0.0000000e+00
   2.3920798e-03  -0.0000000e+00   3.3116846e-02  -0.0000000e+00   1.6438770e-01  -0.0000000e+00   4.3879508e-01  -0.0000000e+00   6.8381274e-01  -0.0000000e+00   5.5833077e-01  -0.0000000e+00   0.0000000e+00   0.0000000e+00   0.0000000e+00   0.0000000e+00   0.0000000e+00   0.0000000e+00   0.0000000e+00   0.0000000e+00   0.0000000e+00   0.0000000e+00   0.0000000e+00   0.0000000e+00   0.0000000e+00
   0.0000000e+00  -3.3116846e-02   0.0000000e+00  -1.9834078e-01   0.0000000e+00  -5.2110934e-01   0.0000000e+00  -6.5705604e-01   0.0000000e+00  -2.0164538e-01  -0.0000000e+00   4.6435521e-01   0.0000000e+00   0.0000000e+00   0.0000000e+00   0.0000000e+00   0.0000000e+00   0.0000000e+00   0.0000000e+00   0.0000000e+00   0.0000000e+00   0.0000000e+00   0.0000000e+00   0.0000000e+00   0.0000000e+00
   2.1967230e-02  -0.0000000e+00   1.9834078e-01  -0.0000000e+00   5.5492128e-01  -0.0000000e+00   5.8930834e-01  -0.0000000e+00  -7.4462490e-02   0.0000000e+00  -5.4718532e-01   0.0000000e+00   0.0000000e+00   0.0000000e+00   0.0000000e+00   0.0000000e+00   0.0000000e+00   0.0000000e+00   0.0000000e+00   0.0000000e+00   0.0000000e+00   0.0000000e+00   0.0000000e+00   0.0000000e+00   0.0000000e+00
   0.0000000e+00  -1.6438770e-01   0.0000000e+00  -5.5492128e-01   0.0000000e+00  -5.4296875e-01   0.0000000e+00   2.3408185e-01  -0.0000000e+00   4.5497333e-01  -0.0000000e+00  -3.2928552e-01   0.0000000e+00   0.0000000e+00   0.0000000e+00   0.0000000e+00   0.0000000e+00   0.0000000e+00   0.0000000e+00   0.0000000e+00   0.0000000e+00   0.0000000e+00   0.0000000e+00   0.0000000e+00   0.0000000e+00
   1.0066650e-01  -0.0000000e+00   5.2110934e-01  -0.0000000e+00   5.4296875e-01  -0.0000000e+00  -3.0237819e-01   0.0000000e+00  -3.4123000e-01  -0.0000000e+00   4.6435521e-01  -0.0000000e+00   0.0000000e+00   0.0000000e+00   0.0000000e+00   0.0000000e+00   0.0000000e+00   0.0000000e+00   0.0000000e+00   0.0000000e+00   0.0000000e+00   0.0000000e+00   0.0000000e+00   0.0000000e+00   0.0000000e+00
   0.0000000e+00  -4.3879508e-01   0.0000000e+00  -5.8930834e-01   0.0000000e+00   3.0237819e-01  -0.0000000e+00   2.7404717e-01   0.0000000e+00  -4.9003980e-01   0.0000000e+00   2.3130311e-01   0.0000000e+00   0.0000000e+00   0.0000000e+00   0.0000000e+00   0.0000000e+00   0.0000000e+00   0.0000000e+00   0.0000000e+00   0.0000000e+00   0.0000000e+00   0.0000000e+00   0.0000000e+00   0.0000000e+00
   2.8725881e-01  -0.0000000e+00   6.5705604e-01  -0.0000000e+00  -2.3408185e-01   0.0000000e+00  -2.7404717e-01  -0.0000000e+00   4.8401456e-01  -0.0000000e+00  -3.4870256e-01   0.0000000e+00   0.0000000e+00   0.0000000e+00   0.0000000e+00   0.0000000e+00   0.0000000e+00   0.0000000e+00   0.0000000e+00   0.0000000e+00   0.0000000e+00   0.0000000e+00   0.0000000e+00   0.0000000e+00   0.0000000e+00
   0.0000000e+00  -6.8381274e-01   0.0000000e+00   7.4462490e-02  -0.0000000e+00   3.4123000e-01   0.0000000e+00  -4.8401456e-01   0.0000000e+00   3.9257812e-01  -0.0000000e+00  -1.4842465e-01   0.0000000e+00   0.0000000e+00   0.0000000e+00   0.0000000e+00   0.0000000e+00   0.0000000e+00   0.0000000e+00   0.0000000e+00   0.0000000e+00   0.0000000e+00   0.0000000e+00   0.0000000e+00   0.0000000e+00
   5.5833077e-01  -0.0000000e+00   2.0164538e-01   0.0000000e+00  -4.5497333e-01  -0.0000000e+00   4.9003980e-01  -0.0000000e+00  -3.9257812e-01   0.0000000e+00   2.1528718e-01  -0.0000000e+00   0.0000000e+00   0.0000000e+00   0.0000000e+00   0.0000000e+00   0.0000000e+00   0.0000000e+00   0.0000000e+00   0.0000000e+00   0.0000000e+00   0.0000000e+00   0.0000000e+00   0.0000000e+00   0.0000000e+00
   0.0000000e+00  -5.5833077e-01  -0.0000000e+00   5.4718532e-01  -0.0000000e+00  -4.6435521e-01   0.0000000e+00   3.4870256e-01  -0.0000000e+00  -2.1528718e-01   0.0000000e+00   7.2712932e-02   0.0000000e+00   0.0000000e+00   0.0000000e+00   0.0000000e+00   0.0000000e+00   0.0000000e+00   0.0000000e+00   0.0000000e+00   0.0000000e+00   0.0000000e+00   0.0000000e+00   0.0000000e+00   0.0000000e+00
   7.7144482e-01  -0.0000000e+00  -4.6435521e-01   0.0000000e+00   3.2928552e-01  -0.0000000e+00  -2.3130311e-01   0.0000000e+00   1.4842465e-01  -0.0000000e+00  -7.2712932e-02   0.0000000e+00   0.0000000e+00   0.0000000e+00   0.0000000e+00   0.0000000e+00   0.0000000e+00   0.0000000e+00   0.0000000e+00   0.0000000e+00   0.0000000e+00   0.0000000e+00   0.0000000e+00   0.0000000e+00   0.0000000e+00
   0.0000000e+00   0.0000000e+00   0.0000000e+00   0.0000000e+00   0.0000000e+00   0.0000000e+00   0.0000000e+00   0.0000000e+00   0.0000000e+00   0.0000000e+00   0.0000000e+00   0.0000000e+00   2.2558594e-01   0.0000000e+00  -3.2109161e-01   0.0000000e+00   3.2771275e-01   0.0000000e+00  -3.4046896e-01   0.0000000e+00   3.6352137e-01   0.0000000e+00  -4.1010742e-01   0.0000000e+00   5.6776801e-01
   0.0000000e+00   0.0000000e+00   0.0000000e+00   0.0000000e+00   0.0000000e+00   0.0000000e+00   0.0000000e+00   0.0000000e+00   0.0000000e+00   0.0000000e+00   0.0000000e+00   0.0000000e+00  -0.0000000e+00   4.5117188e-01  -0.0000000e+00  -4.4527395e-01   0.0000000e+00   4.3272850e-01  -0.0000000e+00  -4.1160690e-01   0.0000000e+00   3.7724396e-01  -0.0000000e+00  -3.1494103e-01   0.0000000e+00
   0.0000000e+00   0.0000000e+00   0.0000000e+00   0.0000000e+00   0.0000000e+00   0.0000000e+00   0.0000000e+00   0.0000000e+00   0.0000000e+00   0.0000000e+00   0.0000000e+00   0.0000000e+00  -3.2109161e-01   0.0000000e+00   4.3359375e-01  -0.0000000e+00  -3.7077237e-01   0.0000000e+00   2.6094510e-01  -0.0000000e+00  -9.2871042e-02   0.0000000e+00  -1.6464276e-01  -0.0000000e+00   6.8381274e-01
   0.0000000e+00   0.0000000e+00   0.0000000e+00   0.0000000e+00   0.0000000e+00   0.0000000e+00   0.0000000e+00   0.0000000e+00   0.0000000e+00   0.0000000e+00   0.0000000e+00   0.0000000e+00  -0.0000000e+00  -4.4527395e-01   0.0000000e+00   3.4570312e-01  -0.0000000e+00  -1.5374580e-01   0.0000000e+00  -1.1374333e-01  -0.0000000e+00   4.2195411e-01   0.0000000e+00  -6.8381274e-01   0.0000000e+00
   0.0000000e+00   0.0000000e+00   0.0000000e+00   0.0000000e+00   0.0000000e+00   0.0000000e+00   0.0000000e+00   0.0000000e+00   0.0000000e+00   0.0000000e+00   0.0000000e+00   0.0000000e+00   3.2771275e-01  -0.0000000e+00  -3.7077237e-01   0.0000000e+00   1.1669922e-01  -0.0000000e+00   2.2371382e-01   0.0000000e+00  -5.1184500e-01   0.0000000e+00   5.0411344e-01  -0.0000000e+00   4.1874808e-01
   0.0000000e+00   0.0000000e+00   0.0000000e+00   0.0000000e+00   0.0000000e+00   0.0000000e+00   0.0000000e+00   0.0000000e+00   0.0000000e+00   0.0000000e+00   0.0000000e+00   0.0000000e+00  -0.0000000e+00   4.3272850e-01  -0.0000000e+00  -1.5374580e-01   0.0000000e+00  -2.5683594e-01  -0.0000000e+00   5.2668416e-01  -0.0000000e+00  -3.1925529e-01   0.0000000e+00  -5.8636459e-01   0.0000000e+00
   0.0000000e+00   0.0000000e+00   0.0000000e+00   0.0000000e+00   0.0000000e+00   0.0000000e+00   0.0000000e+00   0.0000000e+00   0.0000000e+00   0.0000000e+00   0.0000000e+00   0.0000000e+00  -3.4046896e-01   0.0000000e+00   2.6094510e-01  -0.0000000e+00   2.2371382e-01   0.0000000e+00  -5.2539063e-01   0.0000000e+00   1.9810985e-01  -0.0000000e+00   6.4696805e-01  -0.0000000e+00   1.7913734e-01
   0.0000000e+00   0.0000000e+00   0.0000000e+00   0.0000000e+00   0.0000000e+00   0.0000000e+00   0.0000000e+00   0.0000000e+00   0.0000000e+00   0.0000000e+00   0.0000000e+00   0.0000000e+00  -0.0000000e+00  -4.1160690e-01   0.0000000e+00  -1.1374333e-01  -0.0000000e+00   5.2668416e-01  -0.0000000e+00  -1.5722656e-01   0.0000000e+00  -6.5785022e-01   0.0000000e+00  -2.8767847e-01   0.0000000e+00
   0.0000000e+00   0.0000000e+00   0.0000000e+00   0.0000000e+00   0.0000000e+00   0.0000000e+00   0.0000000e+00   0.0000000e+00   0.0000000e+00   0.0000000e+00   0.0000000e+00   0.0000000e+00   3.6352137e-01  -0.0000000e+00  -9.2871042e-02   0.0000000e+00  -5.1184500e-01   0.0000000e+00   1.9810985e-01  -0.0000000e+00   6.5722656e-01  -0.0000000e+00   3.5144584e-01  -0.0000000e+00   5.0333248e-02
   0.0000000e+00   0.0000000e+00   0.0000000e+00   0.0000000e+00   0.0000000e+00   0.0000000e+00   0.0000000e+00   0.0000000e+00   0.0000000e+00   0.0000000e+00   0.0000000e+00   0.0000000e+00  -0.0000000e+00   3.7724396e-01  -0.0000000e+00   4.2195411e-01  -0.0000000e+00  -3.1925529e-01   0.0000000e+00  -6.5785022e-01   0.0000000e+00  -3.7207031e-01   0.0000000e+00  -8.0712758e-02   0.0000000e+00
   0.0000000e+00   0.0000000e+00   0.0000000e+00   0.0000000e+00   0.0000000e+00   0.0000000e+00   0.0000000e+00   0.0000000e+00   0.0000000e+00   0.0000000e+00   0.0000000e+00   0.0000000e+00  -4.1010742e-01   0.0000000e+00  -1.6464276e-01  -0.0000000e+00   5.0411344e-01  -0.0000000e+00   6.4696805e-01  -0.0000000e+00   3.5144584e-01  -0.0000000e+00   9.1796875e-02  -0.0000000e+00   8.1119374e-03
   0.0000000e+00   0.0000000e+00   0.0000000e+00   0.0000000e+00   0.0000000e+00   0.0000000e+00   0.0000000e+00   0.0000000e+00   0.0000000e+00   0.0000000e+00   0.0000000e+00   0.0000000e+00  -0.0000000e+00  -3.1494103e-01   0.0000000e+00  -6.8381274e-01   0.0000000e+00  -5.8636459e-01   0.0000000e+00  -2.8767847e-01   0.0000000e+00  -8.0712758e-02   0.0000000e+00  -1.0742187e-02   0.0000000e+00
   0.0000000e+00   0.0000000e+00   0.0000000e+00   0.0000000e+00   0.0000000e+00   0.0000000e+00   0.0000000e+00   0.0000000e+00   0.0000000e+00   0.0000000e+00   0.0000000e+00   0.0000000e+00   5.6776801e-01  -0.0000000e+00   6.8381274e-01  -0.0000000e+00   4.1874808e-01  -0.0000000e+00   1.7913734e-01  -0.0000000e+00   5.0333248e-02  -0.0000000e+00   8.1119374e-03  -0.0000000e+00   4.8828125e-04
